Scen	Time	Node	Value
1	1	1	0.0
1	2	1	0.0
1	3	1	0.0
1	4	1	0.0
1	5	1	0.0
1	6	1	0.0
1	7	1	0.0
1	8	1	0.0
1	9	1	0.0
1	10	1	0.0
1	11	1	0.0
1	12	1	0.0
1	13	1	0.0
1	14	1	0.0
1	15	1	0.0
1	16	1	0.0
1	17	1	0.0
1	18	1	0.0
1	19	1	0.0
1	20	1	0.0
1	21	1	0.0
1	22	1	0.0
1	23	1	0.0
1	24	1	0.0
1	25	1	0.0
1	26	1	0.0
1	27	1	0.0
1	28	1	0.0
1	29	1	0.0
1	30	1	0.0
1	31	1	0.0
1	32	1	0.0
1	33	1	0.0
1	34	1	0.0
1	35	1	0.0
1	36	1	0.0
1	37	1	0.0
1	38	1	0.0
1	39	1	0.0
1	40	1	0.0
1	41	1	0.0
1	42	1	0.0
1	43	1	0.0
1	44	1	0.0
1	45	1	0.0
1	46	1	0.0
1	47	1	0.0
1	48	1	0.0
1	49	1	0.0
1	50	1	0.0
1	51	1	0.0
1	52	1	0.0
1	53	1	0.0
1	54	1	0.0
1	55	1	0.0
1	56	1	0.0
1	57	1	0.0
1	58	1	0.0
1	59	1	0.0
1	60	1	0.0
1	61	1	0.0
1	62	1	0.0
1	63	1	0.0
1	64	1	0.0
1	65	1	0.0
1	66	1	0.0
1	67	1	0.0
1	68	1	0.0
1	69	1	0.0
1	70	1	0.0
1	71	1	0.0
1	72	1	0.0
1	73	1	0.0
1	74	1	0.0
1	75	1	0.0
1	76	1	0.0
1	77	1	0.0
1	78	1	0.0
1	79	1	0.0
1	80	1	0.0
1	81	1	0.0
1	82	1	0.0
1	83	1	0.0
1	84	1	0.0
1	85	1	0.0
1	86	1	0.0
1	87	1	0.0
1	88	1	0.0
1	89	1	0.0
1	90	1	0.0
1	91	1	0.0
1	92	1	0.0
1	93	1	0.0
1	94	1	0.0
1	95	1	0.0
1	96	1	0.0
1	97	1	0.0
1	98	1	0.0
1	99	1	0.0
1	100	1	0.0
1	101	1	0.0
1	102	1	0.0
1	103	1	0.0
1	104	1	0.0
1	105	1	0.0
1	106	1	0.0
1	107	1	0.0
1	108	1	0.0
1	109	1	0.0
1	110	1	0.0
1	111	1	0.0
1	112	1	0.0
1	113	1	0.0
1	114	1	0.0
1	115	1	0.0
1	116	1	0.0
1	117	1	0.0
1	118	1	0.0
1	119	1	0.0
1	120	1	0.0
1	121	1	0.0
1	122	1	0.0
1	123	1	0.0
1	124	1	0.0
1	125	1	0.0
1	126	1	0.0
1	127	1	0.0
1	128	1	0.0
1	129	1	0.0
1	130	1	0.0
1	131	1	0.0
1	132	1	0.0
1	133	1	0.0
1	134	1	0.0
1	135	1	0.0
1	136	1	0.0
1	137	1	0.0
1	138	1	0.0
1	139	1	0.0
1	140	1	0.0
1	141	1	0.0
1	142	1	0.0
1	143	1	0.0
1	144	1	0.0
1	145	1	0.0
1	146	1	0.0
1	147	1	0.0
1	148	1	0.0
1	149	1	0.0
1	150	1	0.0
1	151	1	0.0
1	152	1	0.0
1	153	1	0.0
1	154	1	0.0
1	155	1	0.0
1	156	1	0.0
1	157	1	0.0
1	158	1	0.0
1	159	1	0.0
1	160	1	0.0
1	161	1	0.0
1	162	1	0.0
1	163	1	0.0
1	164	1	0.0
1	165	1	0.0
1	166	1	0.0
1	167	1	0.0
1	168	1	0.0
1	169	1	0.0
1	170	1	0.0
1	171	1	0.0
1	172	1	0.0
1	173	1	0.0
1	174	1	0.0
1	175	1	0.0
1	176	1	0.0
1	177	1	0.0
1	178	1	0.0
1	179	1	0.0
1	180	1	0.0
1	181	1	0.0
1	182	1	0.0
1	183	1	0.0
1	184	1	0.0
1	185	1	0.0
1	186	1	0.0
1	187	1	0.0
1	188	1	0.0
1	189	1	0.0
1	190	1	0.0
1	191	1	0.0
1	192	1	0.0
1	193	1	0.0
1	194	1	0.0
1	195	1	0.0
1	196	1	0.0
1	197	1	0.0
1	198	1	0.0
1	199	1	0.0
1	200	1	0.0
1	201	1	0.0
1	202	1	0.0
1	203	1	0.0
1	204	1	0.0
1	205	1	0.0
1	206	1	0.0
1	207	1	0.0
1	208	1	0.0
1	209	1	0.0
1	210	1	0.0
1	211	1	0.0
1	212	1	0.0
1	213	1	0.0
1	214	1	0.0
1	215	1	0.0
1	216	1	0.0
1	217	1	0.0
1	218	1	0.0
1	219	1	0.0
1	220	1	0.0
1	221	1	0.0
1	222	1	0.0
1	223	1	0.0
1	224	1	0.0
1	225	1	0.0
1	226	1	0.0
1	227	1	0.0
1	228	1	0.0
1	229	1	0.0
1	230	1	0.0
1	231	1	0.0
1	232	1	0.0
1	233	1	0.0
1	234	1	0.0
1	235	1	0.0
1	236	1	0.0
1	237	1	0.0
1	238	1	0.0
1	239	1	0.0
1	240	1	0.0
1	241	1	0.0
1	242	1	0.0
1	243	1	0.0
1	244	1	0.0
1	245	1	0.0
1	246	1	0.0
1	247	1	0.0
1	248	1	0.0
1	249	1	0.0
1	250	1	0.0
1	251	1	0.0
1	252	1	0.0
1	253	1	0.0
1	254	1	0.0
1	255	1	0.0
1	256	1	0.0
1	257	1	0.0
1	258	1	0.0
1	259	1	0.0
1	260	1	0.0
1	261	1	0.0
1	262	1	0.0
1	263	1	0.0
1	264	1	0.0
1	265	1	0.0
1	266	1	0.0
1	267	1	0.0
1	268	1	0.0
1	269	1	0.0
1	270	1	0.0
1	271	1	0.0
1	272	1	0.0
1	273	1	0.0
1	274	1	0.0
1	275	1	0.0
1	276	1	0.0
1	277	1	0.0
1	278	1	0.0
1	279	1	0.0
1	280	1	0.0
1	281	1	0.0
1	282	1	0.0
1	283	1	0.0
1	284	1	0.0
1	285	1	0.0
1	286	1	0.0
1	287	1	0.0
1	288	1	0.0
1	289	1	0.0
1	290	1	0.0
1	291	1	0.0
1	292	1	0.0
1	293	1	0.0
1	294	1	0.0
1	295	1	0.0
1	296	1	0.0
1	297	1	0.0
1	298	1	0.0
1	299	1	0.0
1	300	1	0.0
1	301	1	0.0
1	302	1	0.0
1	303	1	0.0
1	304	1	0.0
1	305	1	0.0
1	306	1	0.0
1	307	1	0.0
1	308	1	0.0
1	309	1	0.0
1	310	1	0.0
1	311	1	0.0
1	312	1	0.0
1	313	1	0.0
1	314	1	0.0
1	315	1	0.0
1	316	1	0.0
1	317	1	0.0
1	318	1	0.0
1	319	1	0.0
1	320	1	0.0
1	321	1	0.0
1	322	1	0.0
1	323	1	0.0
1	324	1	0.0
1	325	1	0.0
1	326	1	0.0
1	327	1	0.0
1	328	1	0.0
1	329	1	0.0
1	330	1	0.0
1	331	1	0.0
1	332	1	0.0
1	333	1	0.0
1	334	1	0.0
1	335	1	0.0
1	336	1	0.0
1	337	1	0.0
1	338	1	0.0
1	339	1	0.0
1	340	1	0.0
1	341	1	0.0
1	342	1	0.0
1	343	1	0.0
1	344	1	0.0
1	345	1	0.0
1	346	1	0.0
1	347	1	0.0
1	348	1	0.0
1	349	1	0.0
1	350	1	0.0
1	351	1	0.0
1	352	1	0.0
1	353	1	0.0
1	354	1	0.0
1	355	1	0.0
1	356	1	0.0
1	357	1	0.0
1	358	1	0.0
1	359	1	0.0
1	360	1	0.0
1	361	1	0.0
1	362	1	0.0
1	363	1	0.0
1	364	1	0.0
1	365	1	0.0
1	366	1	0.0
1	367	1	0.0
1	368	1	0.0
1	369	1	0.0
1	370	1	0.0
1	371	1	0.0
1	372	1	0.0
1	373	1	0.0
1	374	1	0.0
1	375	1	0.0
1	376	1	0.0
1	377	1	0.0
1	378	1	0.0
1	379	1	0.0
1	380	1	0.0
1	381	1	0.0
1	382	1	0.0
1	383	1	0.0
1	384	1	0.0
1	385	1	0.0
1	386	1	0.0
1	387	1	0.0
1	388	1	0.0
1	389	1	0.0
1	390	1	0.0
1	391	1	0.0
1	392	1	0.0
1	393	1	0.0
1	394	1	0.0
1	395	1	0.0
1	396	1	0.0
1	397	1	0.0
1	398	1	0.0
1	399	1	0.0
1	400	1	0.0
1	401	1	0.0
1	402	1	0.0
1	403	1	0.0
1	404	1	0.0
1	405	1	0.0
1	406	1	0.0
1	407	1	0.0
1	408	1	0.0
1	409	1	0.0
1	410	1	0.0
1	411	1	0.0
1	412	1	0.0
1	413	1	0.0
1	414	1	0.0
1	415	1	0.0
1	416	1	0.0
1	417	1	0.0
1	418	1	0.0
1	419	1	0.0
1	420	1	0.0
1	421	1	0.0
1	422	1	0.0
1	423	1	0.0
1	424	1	0.0
1	425	1	0.0
1	426	1	0.0
1	427	1	0.0
1	428	1	0.0
1	429	1	0.0
1	430	1	0.0
1	431	1	0.0
1	432	1	0.0
1	433	1	0.0
1	434	1	0.0
1	435	1	0.0
1	436	1	0.0
1	437	1	0.0
1	438	1	0.0
1	439	1	0.0
1	440	1	0.0
1	441	1	0.0
1	442	1	0.0
1	443	1	0.0
1	444	1	0.0
1	445	1	0.0
1	446	1	0.0
1	447	1	0.0
1	448	1	0.0
1	449	1	0.0
1	450	1	0.0
1	451	1	0.0
1	452	1	0.0
1	453	1	0.0
1	454	1	0.0
1	455	1	0.0
1	456	1	0.0
1	457	1	0.0
1	458	1	0.0
1	459	1	0.0
1	460	1	0.0
1	461	1	0.0
1	462	1	0.0
1	463	1	0.0
1	464	1	0.0
1	465	1	0.0
1	466	1	0.0
1	467	1	0.0
1	468	1	0.0
1	469	1	0.0
1	470	1	0.0
1	471	1	0.0
1	472	1	0.0
1	473	1	0.0
1	474	1	0.0
1	475	1	0.0
1	476	1	0.0
1	477	1	0.0
1	478	1	0.0
1	479	1	0.0
1	480	1	0.0
1	481	1	0.0
1	482	1	0.0
1	483	1	0.0
1	484	1	0.0
1	485	1	0.0
1	486	1	0.0
1	487	1	0.0
1	488	1	0.0
1	489	1	0.0
1	490	1	0.0
1	491	1	0.0
1	492	1	0.0
1	493	1	0.0
1	494	1	0.0
1	495	1	0.0
1	496	1	0.0
1	497	1	0.0
1	498	1	0.0
1	499	1	0.0
1	500	1	0.0
1	501	1	0.0
1	502	1	0.0
1	503	1	0.0
1	504	1	0.0
1	505	1	0.0
1	506	1	0.0
1	507	1	0.0
1	508	1	0.0
1	509	1	0.0
1	510	1	0.0
1	511	1	0.0
1	512	1	0.0
1	513	1	0.0
1	514	1	0.0
1	515	1	0.0
1	516	1	0.0
1	517	1	0.0
1	518	1	0.0
1	519	1	0.0
1	520	1	0.0
1	521	1	0.0
1	522	1	0.0
1	523	1	0.0
1	524	1	0.0
1	525	1	0.0
1	526	1	0.0
1	527	1	0.0
1	528	1	0.0
1	529	1	0.0
1	530	1	0.0
1	531	1	0.0
1	532	1	0.0
1	533	1	0.0
1	534	1	0.0
1	535	1	0.0
1	536	1	0.0
1	537	1	0.0
1	538	1	0.0
1	539	1	0.0
1	540	1	0.0
1	541	1	0.0
1	542	1	0.0
1	543	1	0.0
1	544	1	0.0
1	545	1	0.0
1	546	1	0.0
1	547	1	0.0
1	548	1	0.0
1	549	1	0.0
1	550	1	0.0
1	551	1	0.0
1	552	1	0.0
1	553	1	0.0
1	554	1	0.0
1	555	1	0.0
1	556	1	0.0
1	557	1	0.0
1	558	1	0.0
1	559	1	0.0
1	560	1	0.0
1	561	1	0.0
1	562	1	0.0
1	563	1	0.0
1	564	1	0.0
1	565	1	0.0
1	566	1	0.0
1	567	1	0.0
1	568	1	0.0
1	569	1	0.0
1	570	1	0.0
1	571	1	0.0
1	572	1	0.0
1	573	1	0.0
1	574	1	0.0
1	575	1	0.0
1	576	1	0.0
1	577	1	0.0
1	578	1	0.0
1	579	1	0.0
1	580	1	0.0
1	581	1	0.0
1	582	1	0.0
1	583	1	0.0
1	584	1	0.0
1	585	1	0.0
1	586	1	0.0
1	587	1	0.0
1	588	1	0.0
1	589	1	0.0
1	590	1	0.0
1	591	1	0.0
1	592	1	0.0
1	593	1	0.0
1	594	1	0.0
1	595	1	0.0
1	596	1	0.0
1	597	1	0.0
1	598	1	0.0
1	599	1	0.0
1	600	1	0.0
1	601	1	0.0
1	602	1	0.0
1	603	1	0.0
1	604	1	0.0
1	605	1	0.0
1	606	1	0.0
1	607	1	0.0
1	608	1	0.0
1	609	1	0.0
1	610	1	0.0
1	611	1	0.0
1	612	1	0.0
1	613	1	0.0
1	614	1	0.0
1	615	1	0.0
1	616	1	0.0
1	617	1	0.0
1	618	1	0.0
1	619	1	0.0
1	620	1	0.0
1	621	1	0.0
1	622	1	0.0
1	623	1	0.0
1	624	1	0.0
1	625	1	0.0
1	626	1	0.0
1	627	1	0.0
1	628	1	0.0
1	629	1	0.0
1	630	1	0.0
1	631	1	0.0
1	632	1	0.0
1	633	1	0.0
1	634	1	0.0
1	635	1	0.0
1	636	1	0.0
1	637	1	0.0
1	638	1	0.0
1	639	1	0.0
1	640	1	0.0
1	641	1	0.0
1	642	1	0.0
1	643	1	0.0
1	644	1	0.0
1	645	1	0.0
1	646	1	0.0
1	647	1	0.0
1	648	1	0.0
1	649	1	0.0
1	650	1	0.0
1	651	1	0.0
1	652	1	0.0
1	653	1	0.0
1	654	1	0.0
1	655	1	0.0
1	656	1	0.0
1	657	1	0.0
1	658	1	0.0
1	659	1	0.0
1	660	1	0.0
1	661	1	0.0
1	662	1	0.0
1	663	1	0.0
1	664	1	0.0
1	665	1	0.0
1	666	1	0.0
1	667	1	0.0
1	668	1	0.0
1	669	1	0.0
1	670	1	0.0
1	671	1	0.0
1	672	1	0.0
1	1	2	0.0
1	2	2	0.0
1	3	2	0.0
1	4	2	0.0
1	5	2	0.0
1	6	2	0.0
1	7	2	0.0
1	8	2	0.0
1	9	2	0.0
1	10	2	0.0
1	11	2	0.0
1	12	2	0.0
1	13	2	0.0
1	14	2	0.0
1	15	2	0.0
1	16	2	0.0
1	17	2	0.0
1	18	2	0.0
1	19	2	0.0
1	20	2	0.0
1	21	2	0.0
1	22	2	0.0
1	23	2	0.0
1	24	2	0.0
1	25	2	0.0
1	26	2	0.0
1	27	2	0.0
1	28	2	0.0
1	29	2	0.0
1	30	2	0.0
1	31	2	0.0
1	32	2	0.0
1	33	2	0.0
1	34	2	0.0
1	35	2	0.0
1	36	2	0.0
1	37	2	0.0
1	38	2	0.0
1	39	2	0.0
1	40	2	0.0
1	41	2	0.0
1	42	2	0.0
1	43	2	0.0
1	44	2	0.0
1	45	2	0.0
1	46	2	0.0
1	47	2	0.0
1	48	2	0.0
1	49	2	0.0
1	50	2	0.0
1	51	2	0.0
1	52	2	0.0
1	53	2	0.0
1	54	2	0.0
1	55	2	0.0
1	56	2	0.0
1	57	2	0.0
1	58	2	0.0
1	59	2	0.0
1	60	2	0.0
1	61	2	0.0
1	62	2	0.0
1	63	2	0.0
1	64	2	0.0
1	65	2	0.0
1	66	2	0.0
1	67	2	0.0
1	68	2	0.0
1	69	2	0.0
1	70	2	0.0
1	71	2	0.0
1	72	2	0.0
1	73	2	0.0
1	74	2	0.0
1	75	2	0.0
1	76	2	0.0
1	77	2	0.0
1	78	2	0.0
1	79	2	0.0
1	80	2	0.0
1	81	2	0.0
1	82	2	0.0
1	83	2	0.0
1	84	2	0.0
1	85	2	0.0
1	86	2	0.0
1	87	2	0.0
1	88	2	0.0
1	89	2	0.0
1	90	2	0.0
1	91	2	0.0
1	92	2	0.0
1	93	2	0.0
1	94	2	0.0
1	95	2	0.0
1	96	2	0.0
1	97	2	0.0
1	98	2	0.0
1	99	2	0.0
1	100	2	0.0
1	101	2	0.0
1	102	2	0.0
1	103	2	0.0
1	104	2	0.0
1	105	2	0.0
1	106	2	0.0
1	107	2	0.0
1	108	2	0.0
1	109	2	0.0
1	110	2	0.0
1	111	2	0.0
1	112	2	0.0
1	113	2	0.0
1	114	2	0.0
1	115	2	0.0
1	116	2	0.0
1	117	2	0.0
1	118	2	0.0
1	119	2	0.0
1	120	2	0.0
1	121	2	0.0
1	122	2	0.0
1	123	2	0.0
1	124	2	0.0
1	125	2	0.0
1	126	2	0.0
1	127	2	0.0
1	128	2	0.0
1	129	2	0.0
1	130	2	0.0
1	131	2	0.0
1	132	2	0.0
1	133	2	0.0
1	134	2	0.0
1	135	2	0.0
1	136	2	0.0
1	137	2	0.0
1	138	2	0.0
1	139	2	0.0
1	140	2	0.0
1	141	2	0.0
1	142	2	0.0
1	143	2	0.0
1	144	2	0.0
1	145	2	0.0
1	146	2	0.0
1	147	2	0.0
1	148	2	0.0
1	149	2	0.0
1	150	2	0.0
1	151	2	0.0
1	152	2	0.0
1	153	2	0.0
1	154	2	0.0
1	155	2	0.0
1	156	2	0.0
1	157	2	0.0
1	158	2	0.0
1	159	2	0.0
1	160	2	0.0
1	161	2	0.0
1	162	2	0.0
1	163	2	0.0
1	164	2	0.0
1	165	2	0.0
1	166	2	0.0
1	167	2	0.0
1	168	2	0.0
1	169	2	0.0
1	170	2	0.0
1	171	2	0.0
1	172	2	0.0
1	173	2	0.0
1	174	2	0.0
1	175	2	0.0
1	176	2	0.0
1	177	2	0.0
1	178	2	0.0
1	179	2	0.0
1	180	2	0.0
1	181	2	0.0
1	182	2	0.0
1	183	2	0.0
1	184	2	0.0
1	185	2	0.0
1	186	2	0.0
1	187	2	0.0
1	188	2	0.0
1	189	2	0.0
1	190	2	0.0
1	191	2	0.0
1	192	2	0.0
1	193	2	0.0
1	194	2	0.0
1	195	2	0.0
1	196	2	0.0
1	197	2	0.0
1	198	2	0.0
1	199	2	0.0
1	200	2	0.0
1	201	2	0.0
1	202	2	0.0
1	203	2	0.0
1	204	2	0.0
1	205	2	0.0
1	206	2	0.0
1	207	2	0.0
1	208	2	0.0
1	209	2	0.0
1	210	2	0.0
1	211	2	0.0
1	212	2	0.0
1	213	2	0.0
1	214	2	0.0
1	215	2	0.0
1	216	2	0.0
1	217	2	0.0
1	218	2	0.0
1	219	2	0.0
1	220	2	0.0
1	221	2	0.0
1	222	2	0.0
1	223	2	0.0
1	224	2	0.0
1	225	2	0.0
1	226	2	0.0
1	227	2	0.0
1	228	2	0.0
1	229	2	0.0
1	230	2	0.0
1	231	2	0.0
1	232	2	0.0
1	233	2	0.0
1	234	2	0.0
1	235	2	0.0
1	236	2	0.0
1	237	2	0.0
1	238	2	0.0
1	239	2	0.0
1	240	2	0.0
1	241	2	0.0
1	242	2	0.0
1	243	2	0.0
1	244	2	0.0
1	245	2	0.0
1	246	2	0.0
1	247	2	0.0
1	248	2	0.0
1	249	2	0.0
1	250	2	0.0
1	251	2	0.0
1	252	2	0.0
1	253	2	0.0
1	254	2	0.0
1	255	2	0.0
1	256	2	0.0
1	257	2	0.0
1	258	2	0.0
1	259	2	0.0
1	260	2	0.0
1	261	2	0.0
1	262	2	0.0
1	263	2	0.0
1	264	2	0.0
1	265	2	0.0
1	266	2	0.0
1	267	2	0.0
1	268	2	0.0
1	269	2	0.0
1	270	2	0.0
1	271	2	0.0
1	272	2	0.0
1	273	2	0.0
1	274	2	0.0
1	275	2	0.0
1	276	2	0.0
1	277	2	0.0
1	278	2	0.0
1	279	2	0.0
1	280	2	0.0
1	281	2	0.0
1	282	2	0.0
1	283	2	0.0
1	284	2	0.0
1	285	2	0.0
1	286	2	0.0
1	287	2	0.0
1	288	2	0.0
1	289	2	0.0
1	290	2	0.0
1	291	2	0.0
1	292	2	0.0
1	293	2	0.0
1	294	2	0.0
1	295	2	0.0
1	296	2	0.0
1	297	2	0.0
1	298	2	0.0
1	299	2	0.0
1	300	2	0.0
1	301	2	0.0
1	302	2	0.0
1	303	2	0.0
1	304	2	0.0
1	305	2	0.0
1	306	2	0.0
1	307	2	0.0
1	308	2	0.0
1	309	2	0.0
1	310	2	0.0
1	311	2	0.0
1	312	2	0.0
1	313	2	0.0
1	314	2	0.0
1	315	2	0.0
1	316	2	0.0
1	317	2	0.0
1	318	2	0.0
1	319	2	0.0
1	320	2	0.0
1	321	2	0.0
1	322	2	0.0
1	323	2	0.0
1	324	2	0.0
1	325	2	0.0
1	326	2	0.0
1	327	2	0.0
1	328	2	0.0
1	329	2	0.0
1	330	2	0.0
1	331	2	0.0
1	332	2	0.0
1	333	2	0.0
1	334	2	0.0
1	335	2	0.0
1	336	2	0.0
1	337	2	0.0
1	338	2	0.0
1	339	2	0.0
1	340	2	0.0
1	341	2	0.0
1	342	2	0.0
1	343	2	0.0
1	344	2	0.0
1	345	2	0.0
1	346	2	0.0
1	347	2	0.0
1	348	2	0.0
1	349	2	0.0
1	350	2	0.0
1	351	2	0.0
1	352	2	0.0
1	353	2	0.0
1	354	2	0.0
1	355	2	0.0
1	356	2	0.0
1	357	2	0.0
1	358	2	0.0
1	359	2	0.0
1	360	2	0.0
1	361	2	0.0
1	362	2	0.0
1	363	2	0.0
1	364	2	0.0
1	365	2	0.0
1	366	2	0.0
1	367	2	0.0
1	368	2	0.0
1	369	2	0.0
1	370	2	0.0
1	371	2	0.0
1	372	2	0.0
1	373	2	0.0
1	374	2	0.0
1	375	2	0.0
1	376	2	0.0
1	377	2	0.0
1	378	2	0.0
1	379	2	0.0
1	380	2	0.0
1	381	2	0.0
1	382	2	0.0
1	383	2	0.0
1	384	2	0.0
1	385	2	0.0
1	386	2	0.0
1	387	2	0.0
1	388	2	0.0
1	389	2	0.0
1	390	2	0.0
1	391	2	0.0
1	392	2	0.0
1	393	2	0.0
1	394	2	0.0
1	395	2	0.0
1	396	2	0.0
1	397	2	0.0
1	398	2	0.0
1	399	2	0.0
1	400	2	0.0
1	401	2	0.0
1	402	2	0.0
1	403	2	0.0
1	404	2	0.0
1	405	2	0.0
1	406	2	0.0
1	407	2	0.0
1	408	2	0.0
1	409	2	0.0
1	410	2	0.0
1	411	2	0.0
1	412	2	0.0
1	413	2	0.0
1	414	2	0.0
1	415	2	0.0
1	416	2	0.0
1	417	2	0.0
1	418	2	0.0
1	419	2	0.0
1	420	2	0.0
1	421	2	0.0
1	422	2	0.0
1	423	2	0.0
1	424	2	0.0
1	425	2	0.0
1	426	2	0.0
1	427	2	0.0
1	428	2	0.0
1	429	2	0.0
1	430	2	0.0
1	431	2	0.0
1	432	2	0.0
1	433	2	0.0
1	434	2	0.0
1	435	2	0.0
1	436	2	0.0
1	437	2	0.0
1	438	2	0.0
1	439	2	0.0
1	440	2	0.0
1	441	2	0.0
1	442	2	0.0
1	443	2	0.0
1	444	2	0.0
1	445	2	0.0
1	446	2	0.0
1	447	2	0.0
1	448	2	0.0
1	449	2	0.0
1	450	2	0.0
1	451	2	0.0
1	452	2	0.0
1	453	2	0.0
1	454	2	0.0
1	455	2	0.0
1	456	2	0.0
1	457	2	0.0
1	458	2	0.0
1	459	2	0.0
1	460	2	0.0
1	461	2	0.0
1	462	2	0.0
1	463	2	0.0
1	464	2	0.0
1	465	2	0.0
1	466	2	0.0
1	467	2	0.0
1	468	2	0.0
1	469	2	0.0
1	470	2	0.0
1	471	2	0.0
1	472	2	0.0
1	473	2	0.0
1	474	2	0.0
1	475	2	0.0
1	476	2	0.0
1	477	2	0.0
1	478	2	0.0
1	479	2	0.0
1	480	2	0.0
1	481	2	0.0
1	482	2	0.0
1	483	2	0.0
1	484	2	0.0
1	485	2	0.0
1	486	2	0.0
1	487	2	0.0
1	488	2	0.0
1	489	2	0.0
1	490	2	0.0
1	491	2	0.0
1	492	2	0.0
1	493	2	0.0
1	494	2	0.0
1	495	2	0.0
1	496	2	0.0
1	497	2	0.0
1	498	2	0.0
1	499	2	0.0
1	500	2	0.0
1	501	2	0.0
1	502	2	0.0
1	503	2	0.0
1	504	2	0.0
1	505	2	0.0
1	506	2	0.0
1	507	2	0.0
1	508	2	0.0
1	509	2	0.0
1	510	2	0.0
1	511	2	0.0
1	512	2	0.0
1	513	2	0.0
1	514	2	0.0
1	515	2	0.0
1	516	2	0.0
1	517	2	0.0
1	518	2	0.0
1	519	2	0.0
1	520	2	0.0
1	521	2	0.0
1	522	2	0.0
1	523	2	0.0
1	524	2	0.0
1	525	2	0.0
1	526	2	0.0
1	527	2	0.0
1	528	2	0.0
1	529	2	0.0
1	530	2	0.0
1	531	2	0.0
1	532	2	0.0
1	533	2	0.0
1	534	2	0.0
1	535	2	0.0
1	536	2	0.0
1	537	2	0.0
1	538	2	0.0
1	539	2	0.0
1	540	2	0.0
1	541	2	0.0
1	542	2	0.0
1	543	2	0.0
1	544	2	0.0
1	545	2	0.0
1	546	2	0.0
1	547	2	0.0
1	548	2	0.0
1	549	2	0.0
1	550	2	0.0
1	551	2	0.0
1	552	2	0.0
1	553	2	0.0
1	554	2	0.0
1	555	2	0.0
1	556	2	0.0
1	557	2	0.0
1	558	2	0.0
1	559	2	0.0
1	560	2	0.0
1	561	2	0.0
1	562	2	0.0
1	563	2	0.0
1	564	2	0.0
1	565	2	0.0
1	566	2	0.0
1	567	2	0.0
1	568	2	0.0
1	569	2	0.0
1	570	2	0.0
1	571	2	0.0
1	572	2	0.0
1	573	2	0.0
1	574	2	0.0
1	575	2	0.0
1	576	2	0.0
1	577	2	0.0
1	578	2	0.0
1	579	2	0.0
1	580	2	0.0
1	581	2	0.0
1	582	2	0.0
1	583	2	0.0
1	584	2	0.0
1	585	2	0.0
1	586	2	0.0
1	587	2	0.0
1	588	2	0.0
1	589	2	0.0
1	590	2	0.0
1	591	2	0.0
1	592	2	0.0
1	593	2	0.0
1	594	2	0.0
1	595	2	0.0
1	596	2	0.0
1	597	2	0.0
1	598	2	0.0
1	599	2	0.0
1	600	2	0.0
1	601	2	0.0
1	602	2	0.0
1	603	2	0.0
1	604	2	0.0
1	605	2	0.0
1	606	2	0.0
1	607	2	0.0
1	608	2	0.0
1	609	2	0.0
1	610	2	0.0
1	611	2	0.0
1	612	2	0.0
1	613	2	0.0
1	614	2	0.0
1	615	2	0.0
1	616	2	0.0
1	617	2	0.0
1	618	2	0.0
1	619	2	0.0
1	620	2	0.0
1	621	2	0.0
1	622	2	0.0
1	623	2	0.0
1	624	2	0.0
1	625	2	0.0
1	626	2	0.0
1	627	2	0.0
1	628	2	0.0
1	629	2	0.0
1	630	2	0.0
1	631	2	0.0
1	632	2	0.0
1	633	2	0.0
1	634	2	0.0
1	635	2	0.0
1	636	2	0.0
1	637	2	0.0
1	638	2	0.0
1	639	2	0.0
1	640	2	0.0
1	641	2	0.0
1	642	2	0.0
1	643	2	0.0
1	644	2	0.0
1	645	2	0.0
1	646	2	0.0
1	647	2	0.0
1	648	2	0.0
1	649	2	0.0
1	650	2	0.0
1	651	2	0.0
1	652	2	0.0
1	653	2	0.0
1	654	2	0.0
1	655	2	0.0
1	656	2	0.0
1	657	2	0.0
1	658	2	0.0
1	659	2	0.0
1	660	2	0.0
1	661	2	0.0
1	662	2	0.0
1	663	2	0.0
1	664	2	0.0
1	665	2	0.0
1	666	2	0.0
1	667	2	0.0
1	668	2	0.0
1	669	2	0.0
1	670	2	0.0
1	671	2	0.0
1	672	2	0.0
1	1	3	0.0
1	2	3	0.0
1	3	3	0.0
1	4	3	0.0
1	5	3	0.0
1	6	3	0.0
1	7	3	0.0
1	8	3	0.0
1	9	3	0.0
1	10	3	0.0
1	11	3	0.0
1	12	3	0.0
1	13	3	0.0
1	14	3	0.0
1	15	3	0.0
1	16	3	0.0
1	17	3	0.0
1	18	3	0.0
1	19	3	0.0
1	20	3	0.0
1	21	3	0.0
1	22	3	0.0
1	23	3	0.0
1	24	3	0.0
1	25	3	0.0
1	26	3	0.0
1	27	3	0.0
1	28	3	0.0
1	29	3	0.0
1	30	3	0.0
1	31	3	0.0
1	32	3	0.0
1	33	3	0.0
1	34	3	0.0
1	35	3	0.0
1	36	3	0.0
1	37	3	0.0
1	38	3	0.0
1	39	3	0.0
1	40	3	0.0
1	41	3	0.0
1	42	3	0.0
1	43	3	0.0
1	44	3	0.0
1	45	3	0.0
1	46	3	0.0
1	47	3	0.0
1	48	3	0.0
1	49	3	0.0
1	50	3	0.0
1	51	3	0.0
1	52	3	0.0
1	53	3	0.0
1	54	3	0.0
1	55	3	0.0
1	56	3	0.0
1	57	3	0.0
1	58	3	0.0
1	59	3	0.0
1	60	3	0.0
1	61	3	0.0
1	62	3	0.0
1	63	3	0.0
1	64	3	0.0
1	65	3	0.0
1	66	3	0.0
1	67	3	0.0
1	68	3	0.0
1	69	3	0.0
1	70	3	0.0
1	71	3	0.0
1	72	3	0.0
1	73	3	0.0
1	74	3	0.0
1	75	3	0.0
1	76	3	0.0
1	77	3	0.0
1	78	3	0.0
1	79	3	0.0
1	80	3	0.0
1	81	3	0.0
1	82	3	0.0
1	83	3	0.0
1	84	3	0.0
1	85	3	0.0
1	86	3	0.0
1	87	3	0.0
1	88	3	0.0
1	89	3	0.0
1	90	3	0.0
1	91	3	0.0
1	92	3	0.0
1	93	3	0.0
1	94	3	0.0
1	95	3	0.0
1	96	3	0.0
1	97	3	0.0
1	98	3	0.0
1	99	3	0.0
1	100	3	0.0
1	101	3	0.0
1	102	3	0.0
1	103	3	0.0
1	104	3	0.0
1	105	3	0.0
1	106	3	0.0
1	107	3	0.0
1	108	3	0.0
1	109	3	0.0
1	110	3	0.0
1	111	3	0.0
1	112	3	0.0
1	113	3	0.0
1	114	3	0.0
1	115	3	0.0
1	116	3	0.0
1	117	3	0.0
1	118	3	0.0
1	119	3	0.0
1	120	3	0.0
1	121	3	0.0
1	122	3	0.0
1	123	3	0.0
1	124	3	0.0
1	125	3	0.0
1	126	3	0.0
1	127	3	0.0
1	128	3	0.0
1	129	3	0.0
1	130	3	0.0
1	131	3	0.0
1	132	3	0.0
1	133	3	0.0
1	134	3	0.0
1	135	3	0.0
1	136	3	0.0
1	137	3	0.0
1	138	3	0.0
1	139	3	0.0
1	140	3	0.0
1	141	3	0.0
1	142	3	0.0
1	143	3	0.0
1	144	3	0.0
1	145	3	0.0
1	146	3	0.0
1	147	3	0.0
1	148	3	0.0
1	149	3	0.0
1	150	3	0.0
1	151	3	0.0
1	152	3	0.0
1	153	3	0.0
1	154	3	0.0
1	155	3	0.0
1	156	3	0.0
1	157	3	0.0
1	158	3	0.0
1	159	3	0.0
1	160	3	0.0
1	161	3	0.0
1	162	3	0.0
1	163	3	0.0
1	164	3	0.0
1	165	3	0.0
1	166	3	0.0
1	167	3	0.0
1	168	3	0.0
1	169	3	0.0
1	170	3	0.0
1	171	3	0.0
1	172	3	0.0
1	173	3	0.0
1	174	3	0.0
1	175	3	0.0
1	176	3	0.0
1	177	3	0.0
1	178	3	0.0
1	179	3	0.0
1	180	3	0.0
1	181	3	0.0
1	182	3	0.0
1	183	3	0.0
1	184	3	0.0
1	185	3	0.0
1	186	3	0.0
1	187	3	0.0
1	188	3	0.0
1	189	3	0.0
1	190	3	0.0
1	191	3	0.0
1	192	3	0.0
1	193	3	0.0
1	194	3	0.0
1	195	3	0.0
1	196	3	0.0
1	197	3	0.0
1	198	3	0.0
1	199	3	0.0
1	200	3	0.0
1	201	3	0.0
1	202	3	0.0
1	203	3	0.0
1	204	3	0.0
1	205	3	0.0
1	206	3	0.0
1	207	3	0.0
1	208	3	0.0
1	209	3	0.0
1	210	3	0.0
1	211	3	0.0
1	212	3	0.0
1	213	3	0.0
1	214	3	0.0
1	215	3	0.0
1	216	3	0.0
1	217	3	0.0
1	218	3	0.0
1	219	3	0.0
1	220	3	0.0
1	221	3	0.0
1	222	3	0.0
1	223	3	0.0
1	224	3	0.0
1	225	3	0.0
1	226	3	0.0
1	227	3	0.0
1	228	3	0.0
1	229	3	0.0
1	230	3	0.0
1	231	3	0.0
1	232	3	0.0
1	233	3	0.0
1	234	3	0.0
1	235	3	0.0
1	236	3	0.0
1	237	3	0.0
1	238	3	0.0
1	239	3	0.0
1	240	3	0.0
1	241	3	0.0
1	242	3	0.0
1	243	3	0.0
1	244	3	0.0
1	245	3	0.0
1	246	3	0.0
1	247	3	0.0
1	248	3	0.0
1	249	3	0.0
1	250	3	0.0
1	251	3	0.0
1	252	3	0.0
1	253	3	0.0
1	254	3	0.0
1	255	3	0.0
1	256	3	0.0
1	257	3	0.0
1	258	3	0.0
1	259	3	0.0
1	260	3	0.0
1	261	3	0.0
1	262	3	0.0
1	263	3	0.0
1	264	3	0.0
1	265	3	0.0
1	266	3	0.0
1	267	3	0.0
1	268	3	0.0
1	269	3	0.0
1	270	3	0.0
1	271	3	0.0
1	272	3	0.0
1	273	3	0.0
1	274	3	0.0
1	275	3	0.0
1	276	3	0.0
1	277	3	0.0
1	278	3	0.0
1	279	3	0.0
1	280	3	0.0
1	281	3	0.0
1	282	3	0.0
1	283	3	0.0
1	284	3	0.0
1	285	3	0.0
1	286	3	0.0
1	287	3	0.0
1	288	3	0.0
1	289	3	0.0
1	290	3	0.0
1	291	3	0.0
1	292	3	0.0
1	293	3	0.0
1	294	3	0.0
1	295	3	0.0
1	296	3	0.0
1	297	3	0.0
1	298	3	0.0
1	299	3	0.0
1	300	3	0.0
1	301	3	0.0
1	302	3	0.0
1	303	3	0.0
1	304	3	0.0
1	305	3	0.0
1	306	3	0.0
1	307	3	0.0
1	308	3	0.0
1	309	3	0.0
1	310	3	0.0
1	311	3	0.0
1	312	3	0.0
1	313	3	0.0
1	314	3	0.0
1	315	3	0.0
1	316	3	0.0
1	317	3	0.0
1	318	3	0.0
1	319	3	0.0
1	320	3	0.0
1	321	3	0.0
1	322	3	0.0
1	323	3	0.0
1	324	3	0.0
1	325	3	0.0
1	326	3	0.0
1	327	3	0.0
1	328	3	0.0
1	329	3	0.0
1	330	3	0.0
1	331	3	0.0
1	332	3	0.0
1	333	3	0.0
1	334	3	0.0
1	335	3	0.0
1	336	3	0.0
1	337	3	0.0
1	338	3	0.0
1	339	3	0.0
1	340	3	0.0
1	341	3	0.0
1	342	3	0.0
1	343	3	0.0
1	344	3	0.0
1	345	3	0.0
1	346	3	0.0
1	347	3	0.0
1	348	3	0.0
1	349	3	0.0
1	350	3	0.0
1	351	3	0.0
1	352	3	0.0
1	353	3	0.0
1	354	3	0.0
1	355	3	0.0
1	356	3	0.0
1	357	3	0.0
1	358	3	0.0
1	359	3	0.0
1	360	3	0.0
1	361	3	0.0
1	362	3	0.0
1	363	3	0.0
1	364	3	0.0
1	365	3	0.0
1	366	3	0.0
1	367	3	0.0
1	368	3	0.0
1	369	3	0.0
1	370	3	0.0
1	371	3	0.0
1	372	3	0.0
1	373	3	0.0
1	374	3	0.0
1	375	3	0.0
1	376	3	0.0
1	377	3	0.0
1	378	3	0.0
1	379	3	0.0
1	380	3	0.0
1	381	3	0.0
1	382	3	0.0
1	383	3	0.0
1	384	3	0.0
1	385	3	0.0
1	386	3	0.0
1	387	3	0.0
1	388	3	0.0
1	389	3	0.0
1	390	3	0.0
1	391	3	0.0
1	392	3	0.0
1	393	3	0.0
1	394	3	0.0
1	395	3	0.0
1	396	3	0.0
1	397	3	0.0
1	398	3	0.0
1	399	3	0.0
1	400	3	0.0
1	401	3	0.0
1	402	3	0.0
1	403	3	0.0
1	404	3	0.0
1	405	3	0.0
1	406	3	0.0
1	407	3	0.0
1	408	3	0.0
1	409	3	0.0
1	410	3	0.0
1	411	3	0.0
1	412	3	0.0
1	413	3	0.0
1	414	3	0.0
1	415	3	0.0
1	416	3	0.0
1	417	3	0.0
1	418	3	0.0
1	419	3	0.0
1	420	3	0.0
1	421	3	0.0
1	422	3	0.0
1	423	3	0.0
1	424	3	0.0
1	425	3	0.0
1	426	3	0.0
1	427	3	0.0
1	428	3	0.0
1	429	3	0.0
1	430	3	0.0
1	431	3	0.0
1	432	3	0.0
1	433	3	0.0
1	434	3	0.0
1	435	3	0.0
1	436	3	0.0
1	437	3	0.0
1	438	3	0.0
1	439	3	0.0
1	440	3	0.0
1	441	3	0.0
1	442	3	0.0
1	443	3	0.0
1	444	3	0.0
1	445	3	0.0
1	446	3	0.0
1	447	3	0.0
1	448	3	0.0
1	449	3	0.0
1	450	3	0.0
1	451	3	0.0
1	452	3	0.0
1	453	3	0.0
1	454	3	0.0
1	455	3	0.0
1	456	3	0.0
1	457	3	0.0
1	458	3	0.0
1	459	3	0.0
1	460	3	0.0
1	461	3	0.0
1	462	3	0.0
1	463	3	0.0
1	464	3	0.0
1	465	3	0.0
1	466	3	0.0
1	467	3	0.0
1	468	3	0.0
1	469	3	0.0
1	470	3	0.0
1	471	3	0.0
1	472	3	0.0
1	473	3	0.0
1	474	3	0.0
1	475	3	0.0
1	476	3	0.0
1	477	3	0.0
1	478	3	0.0
1	479	3	0.0
1	480	3	0.0
1	481	3	0.0
1	482	3	0.0
1	483	3	0.0
1	484	3	0.0
1	485	3	0.0
1	486	3	0.0
1	487	3	0.0
1	488	3	0.0
1	489	3	0.0
1	490	3	0.0
1	491	3	0.0
1	492	3	0.0
1	493	3	0.0
1	494	3	0.0
1	495	3	0.0
1	496	3	0.0
1	497	3	0.0
1	498	3	0.0
1	499	3	0.0
1	500	3	0.0
1	501	3	0.0
1	502	3	0.0
1	503	3	0.0
1	504	3	0.0
1	505	3	0.0
1	506	3	0.0
1	507	3	0.0
1	508	3	0.0
1	509	3	0.0
1	510	3	0.0
1	511	3	0.0
1	512	3	0.0
1	513	3	0.0
1	514	3	0.0
1	515	3	0.0
1	516	3	0.0
1	517	3	0.0
1	518	3	0.0
1	519	3	0.0
1	520	3	0.0
1	521	3	0.0
1	522	3	0.0
1	523	3	0.0
1	524	3	0.0
1	525	3	0.0
1	526	3	0.0
1	527	3	0.0
1	528	3	0.0
1	529	3	0.0
1	530	3	0.0
1	531	3	0.0
1	532	3	0.0
1	533	3	0.0
1	534	3	0.0
1	535	3	0.0
1	536	3	0.0
1	537	3	0.0
1	538	3	0.0
1	539	3	0.0
1	540	3	0.0
1	541	3	0.0
1	542	3	0.0
1	543	3	0.0
1	544	3	0.0
1	545	3	0.0
1	546	3	0.0
1	547	3	0.0
1	548	3	0.0
1	549	3	0.0
1	550	3	0.0
1	551	3	0.0
1	552	3	0.0
1	553	3	0.0
1	554	3	0.0
1	555	3	0.0
1	556	3	0.0
1	557	3	0.0
1	558	3	0.0
1	559	3	0.0
1	560	3	0.0
1	561	3	0.0
1	562	3	0.0
1	563	3	0.0
1	564	3	0.0
1	565	3	0.0
1	566	3	0.0
1	567	3	0.0
1	568	3	0.0
1	569	3	0.0
1	570	3	0.0
1	571	3	0.0
1	572	3	0.0
1	573	3	0.0
1	574	3	0.0
1	575	3	0.0
1	576	3	0.0
1	577	3	0.0
1	578	3	0.0
1	579	3	0.0
1	580	3	0.0
1	581	3	0.0
1	582	3	0.0
1	583	3	0.0
1	584	3	0.0
1	585	3	0.0
1	586	3	0.0
1	587	3	0.0
1	588	3	0.0
1	589	3	0.0
1	590	3	0.0
1	591	3	0.0
1	592	3	0.0
1	593	3	0.0
1	594	3	0.0
1	595	3	0.0
1	596	3	0.0
1	597	3	0.0
1	598	3	0.0
1	599	3	0.0
1	600	3	0.0
1	601	3	0.0
1	602	3	0.0
1	603	3	0.0
1	604	3	0.0
1	605	3	0.0
1	606	3	0.0
1	607	3	0.0
1	608	3	0.0
1	609	3	0.0
1	610	3	0.0
1	611	3	0.0
1	612	3	0.0
1	613	3	0.0
1	614	3	0.0
1	615	3	0.0
1	616	3	0.0
1	617	3	0.0
1	618	3	0.0
1	619	3	0.0
1	620	3	0.0
1	621	3	0.0
1	622	3	0.0
1	623	3	0.0
1	624	3	0.0
1	625	3	0.0
1	626	3	0.0
1	627	3	0.0
1	628	3	0.0
1	629	3	0.0
1	630	3	0.0
1	631	3	0.0
1	632	3	0.0
1	633	3	0.0
1	634	3	0.0
1	635	3	0.0
1	636	3	0.0
1	637	3	0.0
1	638	3	0.0
1	639	3	0.0
1	640	3	0.0
1	641	3	0.0
1	642	3	0.0
1	643	3	0.0
1	644	3	0.0
1	645	3	0.0
1	646	3	0.0
1	647	3	0.0
1	648	3	0.0
1	649	3	0.0
1	650	3	0.0
1	651	3	0.0
1	652	3	0.0
1	653	3	0.0
1	654	3	0.0
1	655	3	0.0
1	656	3	0.0
1	657	3	0.0
1	658	3	0.0
1	659	3	0.0
1	660	3	0.0
1	661	3	0.0
1	662	3	0.0
1	663	3	0.0
1	664	3	0.0
1	665	3	0.0
1	666	3	0.0
1	667	3	0.0
1	668	3	0.0
1	669	3	0.0
1	670	3	0.0
1	671	3	0.0
1	672	3	0.0
1	1	4	0.0
1	2	4	0.0
1	3	4	0.0
1	4	4	0.0
1	5	4	0.0
1	6	4	0.0
1	7	4	0.0
1	8	4	0.0
1	9	4	0.0
1	10	4	0.0
1	11	4	0.0
1	12	4	0.0
1	13	4	0.0
1	14	4	0.0
1	15	4	0.0
1	16	4	0.0
1	17	4	0.0
1	18	4	0.0
1	19	4	0.0
1	20	4	0.0
1	21	4	0.0
1	22	4	0.0
1	23	4	0.0
1	24	4	0.0
1	25	4	0.0
1	26	4	0.0
1	27	4	0.0
1	28	4	0.0
1	29	4	0.0
1	30	4	0.0
1	31	4	0.0
1	32	4	0.0
1	33	4	0.0
1	34	4	0.0
1	35	4	0.0
1	36	4	0.0
1	37	4	0.0
1	38	4	0.0
1	39	4	0.0
1	40	4	0.0
1	41	4	0.0
1	42	4	0.0
1	43	4	0.0
1	44	4	0.0
1	45	4	0.0
1	46	4	0.0
1	47	4	0.0
1	48	4	0.0
1	49	4	0.0
1	50	4	0.0
1	51	4	0.0
1	52	4	0.0
1	53	4	0.0
1	54	4	0.0
1	55	4	0.0
1	56	4	0.0
1	57	4	0.0
1	58	4	0.0
1	59	4	0.0
1	60	4	0.0
1	61	4	0.0
1	62	4	0.0
1	63	4	0.0
1	64	4	0.0
1	65	4	0.0
1	66	4	0.0
1	67	4	0.0
1	68	4	0.0
1	69	4	0.0
1	70	4	0.0
1	71	4	0.0
1	72	4	0.0
1	73	4	0.0
1	74	4	0.0
1	75	4	0.0
1	76	4	0.0
1	77	4	0.0
1	78	4	0.0
1	79	4	0.0
1	80	4	0.0
1	81	4	0.0
1	82	4	0.0
1	83	4	0.0
1	84	4	0.0
1	85	4	0.0
1	86	4	0.0
1	87	4	0.0
1	88	4	0.0
1	89	4	0.0
1	90	4	0.0
1	91	4	0.0
1	92	4	0.0
1	93	4	0.0
1	94	4	0.0
1	95	4	0.0
1	96	4	0.0
1	97	4	0.0
1	98	4	0.0
1	99	4	0.0
1	100	4	0.0
1	101	4	0.0
1	102	4	0.0
1	103	4	0.0
1	104	4	0.0
1	105	4	0.0
1	106	4	0.0
1	107	4	0.0
1	108	4	0.0
1	109	4	0.0
1	110	4	0.0
1	111	4	0.0
1	112	4	0.0
1	113	4	0.0
1	114	4	0.0
1	115	4	0.0
1	116	4	0.0
1	117	4	0.0
1	118	4	0.0
1	119	4	0.0
1	120	4	0.0
1	121	4	0.0
1	122	4	0.0
1	123	4	0.0
1	124	4	0.0
1	125	4	0.0
1	126	4	0.0
1	127	4	0.0
1	128	4	0.0
1	129	4	0.0
1	130	4	0.0
1	131	4	0.0
1	132	4	0.0
1	133	4	0.0
1	134	4	0.0
1	135	4	0.0
1	136	4	0.0
1	137	4	0.0
1	138	4	0.0
1	139	4	0.0
1	140	4	0.0
1	141	4	0.0
1	142	4	0.0
1	143	4	0.0
1	144	4	0.0
1	145	4	0.0
1	146	4	0.0
1	147	4	0.0
1	148	4	0.0
1	149	4	0.0
1	150	4	0.0
1	151	4	0.0
1	152	4	0.0
1	153	4	0.0
1	154	4	0.0
1	155	4	0.0
1	156	4	0.0
1	157	4	0.0
1	158	4	0.0
1	159	4	0.0
1	160	4	0.0
1	161	4	0.0
1	162	4	0.0
1	163	4	0.0
1	164	4	0.0
1	165	4	0.0
1	166	4	0.0
1	167	4	0.0
1	168	4	0.0
1	169	4	0.0
1	170	4	0.0
1	171	4	0.0
1	172	4	0.0
1	173	4	0.0
1	174	4	0.0
1	175	4	0.0
1	176	4	0.0
1	177	4	0.0
1	178	4	0.0
1	179	4	0.0
1	180	4	0.0
1	181	4	0.0
1	182	4	0.0
1	183	4	0.0
1	184	4	0.0
1	185	4	0.0
1	186	4	0.0
1	187	4	0.0
1	188	4	0.0
1	189	4	0.0
1	190	4	0.0
1	191	4	0.0
1	192	4	0.0
1	193	4	0.0
1	194	4	0.0
1	195	4	0.0
1	196	4	0.0
1	197	4	0.0
1	198	4	0.0
1	199	4	0.0
1	200	4	0.0
1	201	4	0.0
1	202	4	0.0
1	203	4	0.0
1	204	4	0.0
1	205	4	0.0
1	206	4	0.0
1	207	4	0.0
1	208	4	0.0
1	209	4	0.0
1	210	4	0.0
1	211	4	0.0
1	212	4	0.0
1	213	4	0.0
1	214	4	0.0
1	215	4	0.0
1	216	4	0.0
1	217	4	0.0
1	218	4	0.0
1	219	4	0.0
1	220	4	0.0
1	221	4	0.0
1	222	4	0.0
1	223	4	0.0
1	224	4	0.0
1	225	4	0.0
1	226	4	0.0
1	227	4	0.0
1	228	4	0.0
1	229	4	0.0
1	230	4	0.0
1	231	4	0.0
1	232	4	0.0
1	233	4	0.0
1	234	4	0.0
1	235	4	0.0
1	236	4	0.0
1	237	4	0.0
1	238	4	0.0
1	239	4	0.0
1	240	4	0.0
1	241	4	0.0
1	242	4	0.0
1	243	4	0.0
1	244	4	0.0
1	245	4	0.0
1	246	4	0.0
1	247	4	0.0
1	248	4	0.0
1	249	4	0.0
1	250	4	0.0
1	251	4	0.0
1	252	4	0.0
1	253	4	0.0
1	254	4	0.0
1	255	4	0.0
1	256	4	0.0
1	257	4	0.0
1	258	4	0.0
1	259	4	0.0
1	260	4	0.0
1	261	4	0.0
1	262	4	0.0
1	263	4	0.0
1	264	4	0.0
1	265	4	0.0
1	266	4	0.0
1	267	4	0.0
1	268	4	0.0
1	269	4	0.0
1	270	4	0.0
1	271	4	0.0
1	272	4	0.0
1	273	4	0.0
1	274	4	0.0
1	275	4	0.0
1	276	4	0.0
1	277	4	0.0
1	278	4	0.0
1	279	4	0.0
1	280	4	0.0
1	281	4	0.0
1	282	4	0.0
1	283	4	0.0
1	284	4	0.0
1	285	4	0.0
1	286	4	0.0
1	287	4	0.0
1	288	4	0.0
1	289	4	0.0
1	290	4	0.0
1	291	4	0.0
1	292	4	0.0
1	293	4	0.0
1	294	4	0.0
1	295	4	0.0
1	296	4	0.0
1	297	4	0.0
1	298	4	0.0
1	299	4	0.0
1	300	4	0.0
1	301	4	0.0
1	302	4	0.0
1	303	4	0.0
1	304	4	0.0
1	305	4	0.0
1	306	4	0.0
1	307	4	0.0
1	308	4	0.0
1	309	4	0.0
1	310	4	0.0
1	311	4	0.0
1	312	4	0.0
1	313	4	0.0
1	314	4	0.0
1	315	4	0.0
1	316	4	0.0
1	317	4	0.0
1	318	4	0.0
1	319	4	0.0
1	320	4	0.0
1	321	4	0.0
1	322	4	0.0
1	323	4	0.0
1	324	4	0.0
1	325	4	0.0
1	326	4	0.0
1	327	4	0.0
1	328	4	0.0
1	329	4	0.0
1	330	4	0.0
1	331	4	0.0
1	332	4	0.0
1	333	4	0.0
1	334	4	0.0
1	335	4	0.0
1	336	4	0.0
1	337	4	0.0
1	338	4	0.0
1	339	4	0.0
1	340	4	0.0
1	341	4	0.0
1	342	4	0.0
1	343	4	0.0
1	344	4	0.0
1	345	4	0.0
1	346	4	0.0
1	347	4	0.0
1	348	4	0.0
1	349	4	0.0
1	350	4	0.0
1	351	4	0.0
1	352	4	0.0
1	353	4	0.0
1	354	4	0.0
1	355	4	0.0
1	356	4	0.0
1	357	4	0.0
1	358	4	0.0
1	359	4	0.0
1	360	4	0.0
1	361	4	0.0
1	362	4	0.0
1	363	4	0.0
1	364	4	0.0
1	365	4	0.0
1	366	4	0.0
1	367	4	0.0
1	368	4	0.0
1	369	4	0.0
1	370	4	0.0
1	371	4	0.0
1	372	4	0.0
1	373	4	0.0
1	374	4	0.0
1	375	4	0.0
1	376	4	0.0
1	377	4	0.0
1	378	4	0.0
1	379	4	0.0
1	380	4	0.0
1	381	4	0.0
1	382	4	0.0
1	383	4	0.0
1	384	4	0.0
1	385	4	0.0
1	386	4	0.0
1	387	4	0.0
1	388	4	0.0
1	389	4	0.0
1	390	4	0.0
1	391	4	0.0
1	392	4	0.0
1	393	4	0.0
1	394	4	0.0
1	395	4	0.0
1	396	4	0.0
1	397	4	0.0
1	398	4	0.0
1	399	4	0.0
1	400	4	0.0
1	401	4	0.0
1	402	4	0.0
1	403	4	0.0
1	404	4	0.0
1	405	4	0.0
1	406	4	0.0
1	407	4	0.0
1	408	4	0.0
1	409	4	0.0
1	410	4	0.0
1	411	4	0.0
1	412	4	0.0
1	413	4	0.0
1	414	4	0.0
1	415	4	0.0
1	416	4	0.0
1	417	4	0.0
1	418	4	0.0
1	419	4	0.0
1	420	4	0.0
1	421	4	0.0
1	422	4	0.0
1	423	4	0.0
1	424	4	0.0
1	425	4	0.0
1	426	4	0.0
1	427	4	0.0
1	428	4	0.0
1	429	4	0.0
1	430	4	0.0
1	431	4	0.0
1	432	4	0.0
1	433	4	0.0
1	434	4	0.0
1	435	4	0.0
1	436	4	0.0
1	437	4	0.0
1	438	4	0.0
1	439	4	0.0
1	440	4	0.0
1	441	4	0.0
1	442	4	0.0
1	443	4	0.0
1	444	4	0.0
1	445	4	0.0
1	446	4	0.0
1	447	4	0.0
1	448	4	0.0
1	449	4	0.0
1	450	4	0.0
1	451	4	0.0
1	452	4	0.0
1	453	4	0.0
1	454	4	0.0
1	455	4	0.0
1	456	4	0.0
1	457	4	0.0
1	458	4	0.0
1	459	4	0.0
1	460	4	0.0
1	461	4	0.0
1	462	4	0.0
1	463	4	0.0
1	464	4	0.0
1	465	4	0.0
1	466	4	0.0
1	467	4	0.0
1	468	4	0.0
1	469	4	0.0
1	470	4	0.0
1	471	4	0.0
1	472	4	0.0
1	473	4	0.0
1	474	4	0.0
1	475	4	0.0
1	476	4	0.0
1	477	4	0.0
1	478	4	0.0
1	479	4	0.0
1	480	4	0.0
1	481	4	0.0
1	482	4	0.0
1	483	4	0.0
1	484	4	0.0
1	485	4	0.0
1	486	4	0.0
1	487	4	0.0
1	488	4	0.0
1	489	4	0.0
1	490	4	0.0
1	491	4	0.0
1	492	4	0.0
1	493	4	0.0
1	494	4	0.0
1	495	4	0.0
1	496	4	0.0
1	497	4	0.0
1	498	4	0.0
1	499	4	0.0
1	500	4	0.0
1	501	4	0.0
1	502	4	0.0
1	503	4	0.0
1	504	4	0.0
1	505	4	0.0
1	506	4	0.0
1	507	4	0.0
1	508	4	0.0
1	509	4	0.0
1	510	4	0.0
1	511	4	0.0
1	512	4	0.0
1	513	4	0.0
1	514	4	0.0
1	515	4	0.0
1	516	4	0.0
1	517	4	0.0
1	518	4	0.0
1	519	4	0.0
1	520	4	0.0
1	521	4	0.0
1	522	4	0.0
1	523	4	0.0
1	524	4	0.0
1	525	4	0.0
1	526	4	0.0
1	527	4	0.0
1	528	4	0.0
1	529	4	0.0
1	530	4	0.0
1	531	4	0.0
1	532	4	0.0
1	533	4	0.0
1	534	4	0.0
1	535	4	0.0
1	536	4	0.0
1	537	4	0.0
1	538	4	0.0
1	539	4	0.0
1	540	4	0.0
1	541	4	0.0
1	542	4	0.0
1	543	4	0.0
1	544	4	0.0
1	545	4	0.0
1	546	4	0.0
1	547	4	0.0
1	548	4	0.0
1	549	4	0.0
1	550	4	0.0
1	551	4	0.0
1	552	4	0.0
1	553	4	0.0
1	554	4	0.0
1	555	4	0.0
1	556	4	0.0
1	557	4	0.0
1	558	4	0.0
1	559	4	0.0
1	560	4	0.0
1	561	4	0.0
1	562	4	0.0
1	563	4	0.0
1	564	4	0.0
1	565	4	0.0
1	566	4	0.0
1	567	4	0.0
1	568	4	0.0
1	569	4	0.0
1	570	4	0.0
1	571	4	0.0
1	572	4	0.0
1	573	4	0.0
1	574	4	0.0
1	575	4	0.0
1	576	4	0.0
1	577	4	0.0
1	578	4	0.0
1	579	4	0.0
1	580	4	0.0
1	581	4	0.0
1	582	4	0.0
1	583	4	0.0
1	584	4	0.0
1	585	4	0.0
1	586	4	0.0
1	587	4	0.0
1	588	4	0.0
1	589	4	0.0
1	590	4	0.0
1	591	4	0.0
1	592	4	0.0
1	593	4	0.0
1	594	4	0.0
1	595	4	0.0
1	596	4	0.0
1	597	4	0.0
1	598	4	0.0
1	599	4	0.0
1	600	4	0.0
1	601	4	0.0
1	602	4	0.0
1	603	4	0.0
1	604	4	0.0
1	605	4	0.0
1	606	4	0.0
1	607	4	0.0
1	608	4	0.0
1	609	4	0.0
1	610	4	0.0
1	611	4	0.0
1	612	4	0.0
1	613	4	0.0
1	614	4	0.0
1	615	4	0.0
1	616	4	0.0
1	617	4	0.0
1	618	4	0.0
1	619	4	0.0
1	620	4	0.0
1	621	4	0.0
1	622	4	0.0
1	623	4	0.0
1	624	4	0.0
1	625	4	0.0
1	626	4	0.0
1	627	4	0.0
1	628	4	0.0
1	629	4	0.0
1	630	4	0.0
1	631	4	0.0
1	632	4	0.0
1	633	4	0.0
1	634	4	0.0
1	635	4	0.0
1	636	4	0.0
1	637	4	0.0
1	638	4	0.0
1	639	4	0.0
1	640	4	0.0
1	641	4	0.0
1	642	4	0.0
1	643	4	0.0
1	644	4	0.0
1	645	4	0.0
1	646	4	0.0
1	647	4	0.0
1	648	4	0.0
1	649	4	0.0
1	650	4	0.0
1	651	4	0.0
1	652	4	0.0
1	653	4	0.0
1	654	4	0.0
1	655	4	0.0
1	656	4	0.0
1	657	4	0.0
1	658	4	0.0
1	659	4	0.0
1	660	4	0.0
1	661	4	0.0
1	662	4	0.0
1	663	4	0.0
1	664	4	0.0
1	665	4	0.0
1	666	4	0.0
1	667	4	0.0
1	668	4	0.0
1	669	4	0.0
1	670	4	0.0
1	671	4	0.0
1	672	4	0.0
1	1	5	0.0
1	2	5	0.0
1	3	5	0.0
1	4	5	0.0
1	5	5	0.0
1	6	5	0.0
1	7	5	0.0
1	8	5	0.0
1	9	5	0.0
1	10	5	0.0
1	11	5	0.0
1	12	5	0.0
1	13	5	0.0
1	14	5	0.0
1	15	5	0.0
1	16	5	0.0
1	17	5	0.0
1	18	5	0.0
1	19	5	0.0
1	20	5	0.0
1	21	5	0.0
1	22	5	0.0
1	23	5	0.0
1	24	5	0.0
1	25	5	0.0
1	26	5	0.0
1	27	5	0.0
1	28	5	0.0
1	29	5	0.0
1	30	5	0.0
1	31	5	0.0
1	32	5	0.0
1	33	5	0.0
1	34	5	0.0
1	35	5	0.0
1	36	5	0.0
1	37	5	0.0
1	38	5	0.0
1	39	5	0.0
1	40	5	0.0
1	41	5	0.0
1	42	5	0.0
1	43	5	0.0
1	44	5	0.0
1	45	5	0.0
1	46	5	0.0
1	47	5	0.0
1	48	5	0.0
1	49	5	0.0
1	50	5	0.0
1	51	5	0.0
1	52	5	0.0
1	53	5	0.0
1	54	5	0.0
1	55	5	0.0
1	56	5	0.0
1	57	5	0.0
1	58	5	0.0
1	59	5	0.0
1	60	5	0.0
1	61	5	0.0
1	62	5	0.0
1	63	5	0.0
1	64	5	0.0
1	65	5	0.0
1	66	5	0.0
1	67	5	0.0
1	68	5	0.0
1	69	5	0.0
1	70	5	0.0
1	71	5	0.0
1	72	5	0.0
1	73	5	0.0
1	74	5	0.0
1	75	5	0.0
1	76	5	0.0
1	77	5	0.0
1	78	5	0.0
1	79	5	0.0
1	80	5	0.0
1	81	5	0.0
1	82	5	0.0
1	83	5	0.0
1	84	5	0.0
1	85	5	0.0
1	86	5	0.0
1	87	5	0.0
1	88	5	0.0
1	89	5	0.0
1	90	5	0.0
1	91	5	0.0
1	92	5	0.0
1	93	5	0.0
1	94	5	0.0
1	95	5	0.0
1	96	5	0.0
1	97	5	0.0
1	98	5	0.0
1	99	5	0.0
1	100	5	0.0
1	101	5	0.0
1	102	5	0.0
1	103	5	0.0
1	104	5	0.0
1	105	5	0.0
1	106	5	0.0
1	107	5	0.0
1	108	5	0.0
1	109	5	0.0
1	110	5	0.0
1	111	5	0.0
1	112	5	0.0
1	113	5	0.0
1	114	5	0.0
1	115	5	0.0
1	116	5	0.0
1	117	5	0.0
1	118	5	0.0
1	119	5	0.0
1	120	5	0.0
1	121	5	0.0
1	122	5	0.0
1	123	5	0.0
1	124	5	0.0
1	125	5	0.0
1	126	5	0.0
1	127	5	0.0
1	128	5	0.0
1	129	5	0.0
1	130	5	0.0
1	131	5	0.0
1	132	5	0.0
1	133	5	0.0
1	134	5	0.0
1	135	5	0.0
1	136	5	0.0
1	137	5	0.0
1	138	5	0.0
1	139	5	0.0
1	140	5	0.0
1	141	5	0.0
1	142	5	0.0
1	143	5	0.0
1	144	5	0.0
1	145	5	0.0
1	146	5	0.0
1	147	5	0.0
1	148	5	0.0
1	149	5	0.0
1	150	5	0.0
1	151	5	0.0
1	152	5	0.0
1	153	5	0.0
1	154	5	0.0
1	155	5	0.0
1	156	5	0.0
1	157	5	0.0
1	158	5	0.0
1	159	5	0.0
1	160	5	0.0
1	161	5	0.0
1	162	5	0.0
1	163	5	0.0
1	164	5	0.0
1	165	5	0.0
1	166	5	0.0
1	167	5	0.0
1	168	5	0.0
1	169	5	0.0
1	170	5	0.0
1	171	5	0.0
1	172	5	0.0
1	173	5	0.0
1	174	5	0.0
1	175	5	0.0
1	176	5	0.0
1	177	5	0.0
1	178	5	0.0
1	179	5	0.0
1	180	5	0.0
1	181	5	0.0
1	182	5	0.0
1	183	5	0.0
1	184	5	0.0
1	185	5	0.0
1	186	5	0.0
1	187	5	0.0
1	188	5	0.0
1	189	5	0.0
1	190	5	0.0
1	191	5	0.0
1	192	5	0.0
1	193	5	0.0
1	194	5	0.0
1	195	5	0.0
1	196	5	0.0
1	197	5	0.0
1	198	5	0.0
1	199	5	0.0
1	200	5	0.0
1	201	5	0.0
1	202	5	0.0
1	203	5	0.0
1	204	5	0.0
1	205	5	0.0
1	206	5	0.0
1	207	5	0.0
1	208	5	0.0
1	209	5	0.0
1	210	5	0.0
1	211	5	0.0
1	212	5	0.0
1	213	5	0.0
1	214	5	0.0
1	215	5	0.0
1	216	5	0.0
1	217	5	0.0
1	218	5	0.0
1	219	5	0.0
1	220	5	0.0
1	221	5	0.0
1	222	5	0.0
1	223	5	0.0
1	224	5	0.0
1	225	5	0.0
1	226	5	0.0
1	227	5	0.0
1	228	5	0.0
1	229	5	0.0
1	230	5	0.0
1	231	5	0.0
1	232	5	0.0
1	233	5	0.0
1	234	5	0.0
1	235	5	0.0
1	236	5	0.0
1	237	5	0.0
1	238	5	0.0
1	239	5	0.0
1	240	5	0.0
1	241	5	0.0
1	242	5	0.0
1	243	5	0.0
1	244	5	0.0
1	245	5	0.0
1	246	5	0.0
1	247	5	0.0
1	248	5	0.0
1	249	5	0.0
1	250	5	0.0
1	251	5	0.0
1	252	5	0.0
1	253	5	0.0
1	254	5	0.0
1	255	5	0.0
1	256	5	0.0
1	257	5	0.0
1	258	5	0.0
1	259	5	0.0
1	260	5	0.0
1	261	5	0.0
1	262	5	0.0
1	263	5	0.0
1	264	5	0.0
1	265	5	0.0
1	266	5	0.0
1	267	5	0.0
1	268	5	0.0
1	269	5	0.0
1	270	5	0.0
1	271	5	0.0
1	272	5	0.0
1	273	5	0.0
1	274	5	0.0
1	275	5	0.0
1	276	5	0.0
1	277	5	0.0
1	278	5	0.0
1	279	5	0.0
1	280	5	0.0
1	281	5	0.0
1	282	5	0.0
1	283	5	0.0
1	284	5	0.0
1	285	5	0.0
1	286	5	0.0
1	287	5	0.0
1	288	5	0.0
1	289	5	0.0
1	290	5	0.0
1	291	5	0.0
1	292	5	0.0
1	293	5	0.0
1	294	5	0.0
1	295	5	0.0
1	296	5	0.0
1	297	5	0.0
1	298	5	0.0
1	299	5	0.0
1	300	5	0.0
1	301	5	0.0
1	302	5	0.0
1	303	5	0.0
1	304	5	0.0
1	305	5	0.0
1	306	5	0.0
1	307	5	0.0
1	308	5	0.0
1	309	5	0.0
1	310	5	0.0
1	311	5	0.0
1	312	5	0.0
1	313	5	0.0
1	314	5	0.0
1	315	5	0.0
1	316	5	0.0
1	317	5	0.0
1	318	5	0.0
1	319	5	0.0
1	320	5	0.0
1	321	5	0.0
1	322	5	0.0
1	323	5	0.0
1	324	5	0.0
1	325	5	0.0
1	326	5	0.0
1	327	5	0.0
1	328	5	0.0
1	329	5	0.0
1	330	5	0.0
1	331	5	0.0
1	332	5	0.0
1	333	5	0.0
1	334	5	0.0
1	335	5	0.0
1	336	5	0.0
1	337	5	0.0
1	338	5	0.0
1	339	5	0.0
1	340	5	0.0
1	341	5	0.0
1	342	5	0.0
1	343	5	0.0
1	344	5	0.0
1	345	5	0.0
1	346	5	0.0
1	347	5	0.0
1	348	5	0.0
1	349	5	0.0
1	350	5	0.0
1	351	5	0.0
1	352	5	0.0
1	353	5	0.0
1	354	5	0.0
1	355	5	0.0
1	356	5	0.0
1	357	5	0.0
1	358	5	0.0
1	359	5	0.0
1	360	5	0.0
1	361	5	0.0
1	362	5	0.0
1	363	5	0.0
1	364	5	0.0
1	365	5	0.0
1	366	5	0.0
1	367	5	0.0
1	368	5	0.0
1	369	5	0.0
1	370	5	0.0
1	371	5	0.0
1	372	5	0.0
1	373	5	0.0
1	374	5	0.0
1	375	5	0.0
1	376	5	0.0
1	377	5	0.0
1	378	5	0.0
1	379	5	0.0
1	380	5	0.0
1	381	5	0.0
1	382	5	0.0
1	383	5	0.0
1	384	5	0.0
1	385	5	0.0
1	386	5	0.0
1	387	5	0.0
1	388	5	0.0
1	389	5	0.0
1	390	5	0.0
1	391	5	0.0
1	392	5	0.0
1	393	5	0.0
1	394	5	0.0
1	395	5	0.0
1	396	5	0.0
1	397	5	0.0
1	398	5	0.0
1	399	5	0.0
1	400	5	0.0
1	401	5	0.0
1	402	5	0.0
1	403	5	0.0
1	404	5	0.0
1	405	5	0.0
1	406	5	0.0
1	407	5	0.0
1	408	5	0.0
1	409	5	0.0
1	410	5	0.0
1	411	5	0.0
1	412	5	0.0
1	413	5	0.0
1	414	5	0.0
1	415	5	0.0
1	416	5	0.0
1	417	5	0.0
1	418	5	0.0
1	419	5	0.0
1	420	5	0.0
1	421	5	0.0
1	422	5	0.0
1	423	5	0.0
1	424	5	0.0
1	425	5	0.0
1	426	5	0.0
1	427	5	0.0
1	428	5	0.0
1	429	5	0.0
1	430	5	0.0
1	431	5	0.0
1	432	5	0.0
1	433	5	0.0
1	434	5	0.0
1	435	5	0.0
1	436	5	0.0
1	437	5	0.0
1	438	5	0.0
1	439	5	0.0
1	440	5	0.0
1	441	5	0.0
1	442	5	0.0
1	443	5	0.0
1	444	5	0.0
1	445	5	0.0
1	446	5	0.0
1	447	5	0.0
1	448	5	0.0
1	449	5	0.0
1	450	5	0.0
1	451	5	0.0
1	452	5	0.0
1	453	5	0.0
1	454	5	0.0
1	455	5	0.0
1	456	5	0.0
1	457	5	0.0
1	458	5	0.0
1	459	5	0.0
1	460	5	0.0
1	461	5	0.0
1	462	5	0.0
1	463	5	0.0
1	464	5	0.0
1	465	5	0.0
1	466	5	0.0
1	467	5	0.0
1	468	5	0.0
1	469	5	0.0
1	470	5	0.0
1	471	5	0.0
1	472	5	0.0
1	473	5	0.0
1	474	5	0.0
1	475	5	0.0
1	476	5	0.0
1	477	5	0.0
1	478	5	0.0
1	479	5	0.0
1	480	5	0.0
1	481	5	0.0
1	482	5	0.0
1	483	5	0.0
1	484	5	0.0
1	485	5	0.0
1	486	5	0.0
1	487	5	0.0
1	488	5	0.0
1	489	5	0.0
1	490	5	0.0
1	491	5	0.0
1	492	5	0.0
1	493	5	0.0
1	494	5	0.0
1	495	5	0.0
1	496	5	0.0
1	497	5	0.0
1	498	5	0.0
1	499	5	0.0
1	500	5	0.0
1	501	5	0.0
1	502	5	0.0
1	503	5	0.0
1	504	5	0.0
1	505	5	0.0
1	506	5	0.0
1	507	5	0.0
1	508	5	0.0
1	509	5	0.0
1	510	5	0.0
1	511	5	0.0
1	512	5	0.0
1	513	5	0.0
1	514	5	0.0
1	515	5	0.0
1	516	5	0.0
1	517	5	0.0
1	518	5	0.0
1	519	5	0.0
1	520	5	0.0
1	521	5	0.0
1	522	5	0.0
1	523	5	0.0
1	524	5	0.0
1	525	5	0.0
1	526	5	0.0
1	527	5	0.0
1	528	5	0.0
1	529	5	0.0
1	530	5	0.0
1	531	5	0.0
1	532	5	0.0
1	533	5	0.0
1	534	5	0.0
1	535	5	0.0
1	536	5	0.0
1	537	5	0.0
1	538	5	0.0
1	539	5	0.0
1	540	5	0.0
1	541	5	0.0
1	542	5	0.0
1	543	5	0.0
1	544	5	0.0
1	545	5	0.0
1	546	5	0.0
1	547	5	0.0
1	548	5	0.0
1	549	5	0.0
1	550	5	0.0
1	551	5	0.0
1	552	5	0.0
1	553	5	0.0
1	554	5	0.0
1	555	5	0.0
1	556	5	0.0
1	557	5	0.0
1	558	5	0.0
1	559	5	0.0
1	560	5	0.0
1	561	5	0.0
1	562	5	0.0
1	563	5	0.0
1	564	5	0.0
1	565	5	0.0
1	566	5	0.0
1	567	5	0.0
1	568	5	0.0
1	569	5	0.0
1	570	5	0.0
1	571	5	0.0
1	572	5	0.0
1	573	5	0.0
1	574	5	0.0
1	575	5	0.0
1	576	5	0.0
1	577	5	0.0
1	578	5	0.0
1	579	5	0.0
1	580	5	0.0
1	581	5	0.0
1	582	5	0.0
1	583	5	0.0
1	584	5	0.0
1	585	5	0.0
1	586	5	0.0
1	587	5	0.0
1	588	5	0.0
1	589	5	0.0
1	590	5	0.0
1	591	5	0.0
1	592	5	0.0
1	593	5	0.0
1	594	5	0.0
1	595	5	0.0
1	596	5	0.0
1	597	5	0.0
1	598	5	0.0
1	599	5	0.0
1	600	5	0.0
1	601	5	0.0
1	602	5	0.0
1	603	5	0.0
1	604	5	0.0
1	605	5	0.0
1	606	5	0.0
1	607	5	0.0
1	608	5	0.0
1	609	5	0.0
1	610	5	0.0
1	611	5	0.0
1	612	5	0.0
1	613	5	0.0
1	614	5	0.0
1	615	5	0.0
1	616	5	0.0
1	617	5	0.0
1	618	5	0.0
1	619	5	0.0
1	620	5	0.0
1	621	5	0.0
1	622	5	0.0
1	623	5	0.0
1	624	5	0.0
1	625	5	0.0
1	626	5	0.0
1	627	5	0.0
1	628	5	0.0
1	629	5	0.0
1	630	5	0.0
1	631	5	0.0
1	632	5	0.0
1	633	5	0.0
1	634	5	0.0
1	635	5	0.0
1	636	5	0.0
1	637	5	0.0
1	638	5	0.0
1	639	5	0.0
1	640	5	0.0
1	641	5	0.0
1	642	5	0.0
1	643	5	0.0
1	644	5	0.0
1	645	5	0.0
1	646	5	0.0
1	647	5	0.0
1	648	5	0.0
1	649	5	0.0
1	650	5	0.0
1	651	5	0.0
1	652	5	0.0
1	653	5	0.0
1	654	5	0.0
1	655	5	0.0
1	656	5	0.0
1	657	5	0.0
1	658	5	0.0
1	659	5	0.0
1	660	5	0.0
1	661	5	0.0
1	662	5	0.0
1	663	5	0.0
1	664	5	0.0
1	665	5	0.0
1	666	5	0.0
1	667	5	0.0
1	668	5	0.0
1	669	5	0.0
1	670	5	0.0
1	671	5	0.0
1	672	5	0.0
1	1	6	0.0
1	2	6	0.0
1	3	6	0.0
1	4	6	0.0
1	5	6	0.0
1	6	6	0.0
1	7	6	0.0
1	8	6	0.0
1	9	6	0.0
1	10	6	0.0
1	11	6	0.0
1	12	6	0.0
1	13	6	0.0
1	14	6	0.0
1	15	6	0.0
1	16	6	0.0
1	17	6	0.0
1	18	6	0.0
1	19	6	0.0
1	20	6	0.0
1	21	6	0.0
1	22	6	0.0
1	23	6	0.0
1	24	6	0.0
1	25	6	0.0
1	26	6	0.0
1	27	6	0.0
1	28	6	0.0
1	29	6	0.0
1	30	6	0.0
1	31	6	0.0
1	32	6	0.0
1	33	6	0.0
1	34	6	0.0
1	35	6	0.0
1	36	6	0.0
1	37	6	0.0
1	38	6	0.0
1	39	6	0.0
1	40	6	0.0
1	41	6	0.0
1	42	6	0.0
1	43	6	0.0
1	44	6	0.0
1	45	6	0.0
1	46	6	0.0
1	47	6	0.0
1	48	6	0.0
1	49	6	0.0
1	50	6	0.0
1	51	6	0.0
1	52	6	0.0
1	53	6	0.0
1	54	6	0.0
1	55	6	0.0
1	56	6	0.0
1	57	6	0.0
1	58	6	0.0
1	59	6	0.0
1	60	6	0.0
1	61	6	0.0
1	62	6	0.0
1	63	6	0.0
1	64	6	0.0
1	65	6	0.0
1	66	6	0.0
1	67	6	0.0
1	68	6	0.0
1	69	6	0.0
1	70	6	0.0
1	71	6	0.0
1	72	6	0.0
1	73	6	0.0
1	74	6	0.0
1	75	6	0.0
1	76	6	0.0
1	77	6	0.0
1	78	6	0.0
1	79	6	0.0
1	80	6	0.0
1	81	6	0.0
1	82	6	0.0
1	83	6	0.0
1	84	6	0.0
1	85	6	0.0
1	86	6	0.0
1	87	6	0.0
1	88	6	0.0
1	89	6	0.0
1	90	6	0.0
1	91	6	0.0
1	92	6	0.0
1	93	6	0.0
1	94	6	0.0
1	95	6	0.0
1	96	6	0.0
1	97	6	0.0
1	98	6	0.0
1	99	6	0.0
1	100	6	0.0
1	101	6	0.0
1	102	6	0.0
1	103	6	0.0
1	104	6	0.0
1	105	6	0.0
1	106	6	0.0
1	107	6	0.0
1	108	6	0.0
1	109	6	0.0
1	110	6	0.0
1	111	6	0.0
1	112	6	0.0
1	113	6	0.0
1	114	6	0.0
1	115	6	0.0
1	116	6	0.0
1	117	6	0.0
1	118	6	0.0
1	119	6	0.0
1	120	6	0.0
1	121	6	0.0
1	122	6	0.0
1	123	6	0.0
1	124	6	0.0
1	125	6	0.0
1	126	6	0.0
1	127	6	0.0
1	128	6	0.0
1	129	6	0.0
1	130	6	0.0
1	131	6	0.0
1	132	6	0.0
1	133	6	0.0
1	134	6	0.0
1	135	6	0.0
1	136	6	0.0
1	137	6	0.0
1	138	6	0.0
1	139	6	0.0
1	140	6	0.0
1	141	6	0.0
1	142	6	0.0
1	143	6	0.0
1	144	6	0.0
1	145	6	0.0
1	146	6	0.0
1	147	6	0.0
1	148	6	0.0
1	149	6	0.0
1	150	6	0.0
1	151	6	0.0
1	152	6	0.0
1	153	6	0.0
1	154	6	0.0
1	155	6	0.0
1	156	6	0.0
1	157	6	0.0
1	158	6	0.0
1	159	6	0.0
1	160	6	0.0
1	161	6	0.0
1	162	6	0.0
1	163	6	0.0
1	164	6	0.0
1	165	6	0.0
1	166	6	0.0
1	167	6	0.0
1	168	6	0.0
1	169	6	0.0
1	170	6	0.0
1	171	6	0.0
1	172	6	0.0
1	173	6	0.0
1	174	6	0.0
1	175	6	0.0
1	176	6	0.0
1	177	6	0.0
1	178	6	0.0
1	179	6	0.0
1	180	6	0.0
1	181	6	0.0
1	182	6	0.0
1	183	6	0.0
1	184	6	0.0
1	185	6	0.0
1	186	6	0.0
1	187	6	0.0
1	188	6	0.0
1	189	6	0.0
1	190	6	0.0
1	191	6	0.0
1	192	6	0.0
1	193	6	0.0
1	194	6	0.0
1	195	6	0.0
1	196	6	0.0
1	197	6	0.0
1	198	6	0.0
1	199	6	0.0
1	200	6	0.0
1	201	6	0.0
1	202	6	0.0
1	203	6	0.0
1	204	6	0.0
1	205	6	0.0
1	206	6	0.0
1	207	6	0.0
1	208	6	0.0
1	209	6	0.0
1	210	6	0.0
1	211	6	0.0
1	212	6	0.0
1	213	6	0.0
1	214	6	0.0
1	215	6	0.0
1	216	6	0.0
1	217	6	0.0
1	218	6	0.0
1	219	6	0.0
1	220	6	0.0
1	221	6	0.0
1	222	6	0.0
1	223	6	0.0
1	224	6	0.0
1	225	6	0.0
1	226	6	0.0
1	227	6	0.0
1	228	6	0.0
1	229	6	0.0
1	230	6	0.0
1	231	6	0.0
1	232	6	0.0
1	233	6	0.0
1	234	6	0.0
1	235	6	0.0
1	236	6	0.0
1	237	6	0.0
1	238	6	0.0
1	239	6	0.0
1	240	6	0.0
1	241	6	0.0
1	242	6	0.0
1	243	6	0.0
1	244	6	0.0
1	245	6	0.0
1	246	6	0.0
1	247	6	0.0
1	248	6	0.0
1	249	6	0.0
1	250	6	0.0
1	251	6	0.0
1	252	6	0.0
1	253	6	0.0
1	254	6	0.0
1	255	6	0.0
1	256	6	0.0
1	257	6	0.0
1	258	6	0.0
1	259	6	0.0
1	260	6	0.0
1	261	6	0.0
1	262	6	0.0
1	263	6	0.0
1	264	6	0.0
1	265	6	0.0
1	266	6	0.0
1	267	6	0.0
1	268	6	0.0
1	269	6	0.0
1	270	6	0.0
1	271	6	0.0
1	272	6	0.0
1	273	6	0.0
1	274	6	0.0
1	275	6	0.0
1	276	6	0.0
1	277	6	0.0
1	278	6	0.0
1	279	6	0.0
1	280	6	0.0
1	281	6	0.0
1	282	6	0.0
1	283	6	0.0
1	284	6	0.0
1	285	6	0.0
1	286	6	0.0
1	287	6	0.0
1	288	6	0.0
1	289	6	0.0
1	290	6	0.0
1	291	6	0.0
1	292	6	0.0
1	293	6	0.0
1	294	6	0.0
1	295	6	0.0
1	296	6	0.0
1	297	6	0.0
1	298	6	0.0
1	299	6	0.0
1	300	6	0.0
1	301	6	0.0
1	302	6	0.0
1	303	6	0.0
1	304	6	0.0
1	305	6	0.0
1	306	6	0.0
1	307	6	0.0
1	308	6	0.0
1	309	6	0.0
1	310	6	0.0
1	311	6	0.0
1	312	6	0.0
1	313	6	0.0
1	314	6	0.0
1	315	6	0.0
1	316	6	0.0
1	317	6	0.0
1	318	6	0.0
1	319	6	0.0
1	320	6	0.0
1	321	6	0.0
1	322	6	0.0
1	323	6	0.0
1	324	6	0.0
1	325	6	0.0
1	326	6	0.0
1	327	6	0.0
1	328	6	0.0
1	329	6	0.0
1	330	6	0.0
1	331	6	0.0
1	332	6	0.0
1	333	6	0.0
1	334	6	0.0
1	335	6	0.0
1	336	6	0.0
1	337	6	0.0
1	338	6	0.0
1	339	6	0.0
1	340	6	0.0
1	341	6	0.0
1	342	6	0.0
1	343	6	0.0
1	344	6	0.0
1	345	6	0.0
1	346	6	0.0
1	347	6	0.0
1	348	6	0.0
1	349	6	0.0
1	350	6	0.0
1	351	6	0.0
1	352	6	0.0
1	353	6	0.0
1	354	6	0.0
1	355	6	0.0
1	356	6	0.0
1	357	6	0.0
1	358	6	0.0
1	359	6	0.0
1	360	6	0.0
1	361	6	0.0
1	362	6	0.0
1	363	6	0.0
1	364	6	0.0
1	365	6	0.0
1	366	6	0.0
1	367	6	0.0
1	368	6	0.0
1	369	6	0.0
1	370	6	0.0
1	371	6	0.0
1	372	6	0.0
1	373	6	0.0
1	374	6	0.0
1	375	6	0.0
1	376	6	0.0
1	377	6	0.0
1	378	6	0.0
1	379	6	0.0
1	380	6	0.0
1	381	6	0.0
1	382	6	0.0
1	383	6	0.0
1	384	6	0.0
1	385	6	0.0
1	386	6	0.0
1	387	6	0.0
1	388	6	0.0
1	389	6	0.0
1	390	6	0.0
1	391	6	0.0
1	392	6	0.0
1	393	6	0.0
1	394	6	0.0
1	395	6	0.0
1	396	6	0.0
1	397	6	0.0
1	398	6	0.0
1	399	6	0.0
1	400	6	0.0
1	401	6	0.0
1	402	6	0.0
1	403	6	0.0
1	404	6	0.0
1	405	6	0.0
1	406	6	0.0
1	407	6	0.0
1	408	6	0.0
1	409	6	0.0
1	410	6	0.0
1	411	6	0.0
1	412	6	0.0
1	413	6	0.0
1	414	6	0.0
1	415	6	0.0
1	416	6	0.0
1	417	6	0.0
1	418	6	0.0
1	419	6	0.0
1	420	6	0.0
1	421	6	0.0
1	422	6	0.0
1	423	6	0.0
1	424	6	0.0
1	425	6	0.0
1	426	6	0.0
1	427	6	0.0
1	428	6	0.0
1	429	6	0.0
1	430	6	0.0
1	431	6	0.0
1	432	6	0.0
1	433	6	0.0
1	434	6	0.0
1	435	6	0.0
1	436	6	0.0
1	437	6	0.0
1	438	6	0.0
1	439	6	0.0
1	440	6	0.0
1	441	6	0.0
1	442	6	0.0
1	443	6	0.0
1	444	6	0.0
1	445	6	0.0
1	446	6	0.0
1	447	6	0.0
1	448	6	0.0
1	449	6	0.0
1	450	6	0.0
1	451	6	0.0
1	452	6	0.0
1	453	6	0.0
1	454	6	0.0
1	455	6	0.0
1	456	6	0.0
1	457	6	0.0
1	458	6	0.0
1	459	6	0.0
1	460	6	0.0
1	461	6	0.0
1	462	6	0.0
1	463	6	0.0
1	464	6	0.0
1	465	6	0.0
1	466	6	0.0
1	467	6	0.0
1	468	6	0.0
1	469	6	0.0
1	470	6	0.0
1	471	6	0.0
1	472	6	0.0
1	473	6	0.0
1	474	6	0.0
1	475	6	0.0
1	476	6	0.0
1	477	6	0.0
1	478	6	0.0
1	479	6	0.0
1	480	6	0.0
1	481	6	0.0
1	482	6	0.0
1	483	6	0.0
1	484	6	0.0
1	485	6	0.0
1	486	6	0.0
1	487	6	0.0
1	488	6	0.0
1	489	6	0.0
1	490	6	0.0
1	491	6	0.0
1	492	6	0.0
1	493	6	0.0
1	494	6	0.0
1	495	6	0.0
1	496	6	0.0
1	497	6	0.0
1	498	6	0.0
1	499	6	0.0
1	500	6	0.0
1	501	6	0.0
1	502	6	0.0
1	503	6	0.0
1	504	6	0.0
1	505	6	0.0
1	506	6	0.0
1	507	6	0.0
1	508	6	0.0
1	509	6	0.0
1	510	6	0.0
1	511	6	0.0
1	512	6	0.0
1	513	6	0.0
1	514	6	0.0
1	515	6	0.0
1	516	6	0.0
1	517	6	0.0
1	518	6	0.0
1	519	6	0.0
1	520	6	0.0
1	521	6	0.0
1	522	6	0.0
1	523	6	0.0
1	524	6	0.0
1	525	6	0.0
1	526	6	0.0
1	527	6	0.0
1	528	6	0.0
1	529	6	0.0
1	530	6	0.0
1	531	6	0.0
1	532	6	0.0
1	533	6	0.0
1	534	6	0.0
1	535	6	0.0
1	536	6	0.0
1	537	6	0.0
1	538	6	0.0
1	539	6	0.0
1	540	6	0.0
1	541	6	0.0
1	542	6	0.0
1	543	6	0.0
1	544	6	0.0
1	545	6	0.0
1	546	6	0.0
1	547	6	0.0
1	548	6	0.0
1	549	6	0.0
1	550	6	0.0
1	551	6	0.0
1	552	6	0.0
1	553	6	0.0
1	554	6	0.0
1	555	6	0.0
1	556	6	0.0
1	557	6	0.0
1	558	6	0.0
1	559	6	0.0
1	560	6	0.0
1	561	6	0.0
1	562	6	0.0
1	563	6	0.0
1	564	6	0.0
1	565	6	0.0
1	566	6	0.0
1	567	6	0.0
1	568	6	0.0
1	569	6	0.0
1	570	6	0.0
1	571	6	0.0
1	572	6	0.0
1	573	6	0.0
1	574	6	0.0
1	575	6	0.0
1	576	6	0.0
1	577	6	0.0
1	578	6	0.0
1	579	6	0.0
1	580	6	0.0
1	581	6	0.0
1	582	6	0.0
1	583	6	0.0
1	584	6	0.0
1	585	6	0.0
1	586	6	0.0
1	587	6	0.0
1	588	6	0.0
1	589	6	0.0
1	590	6	0.0
1	591	6	0.0
1	592	6	0.0
1	593	6	0.0
1	594	6	0.0
1	595	6	0.0
1	596	6	0.0
1	597	6	0.0
1	598	6	0.0
1	599	6	0.0
1	600	6	0.0
1	601	6	0.0
1	602	6	0.0
1	603	6	0.0
1	604	6	0.0
1	605	6	0.0
1	606	6	0.0
1	607	6	0.0
1	608	6	0.0
1	609	6	0.0
1	610	6	0.0
1	611	6	0.0
1	612	6	0.0
1	613	6	0.0
1	614	6	0.0
1	615	6	0.0
1	616	6	0.0
1	617	6	0.0
1	618	6	0.0
1	619	6	0.0
1	620	6	0.0
1	621	6	0.0
1	622	6	0.0
1	623	6	0.0
1	624	6	0.0
1	625	6	0.0
1	626	6	0.0
1	627	6	0.0
1	628	6	0.0
1	629	6	0.0
1	630	6	0.0
1	631	6	0.0
1	632	6	0.0
1	633	6	0.0
1	634	6	0.0
1	635	6	0.0
1	636	6	0.0
1	637	6	0.0
1	638	6	0.0
1	639	6	0.0
1	640	6	0.0
1	641	6	0.0
1	642	6	0.0
1	643	6	0.0
1	644	6	0.0
1	645	6	0.0
1	646	6	0.0
1	647	6	0.0
1	648	6	0.0
1	649	6	0.0
1	650	6	0.0
1	651	6	0.0
1	652	6	0.0
1	653	6	0.0
1	654	6	0.0
1	655	6	0.0
1	656	6	0.0
1	657	6	0.0
1	658	6	0.0
1	659	6	0.0
1	660	6	0.0
1	661	6	0.0
1	662	6	0.0
1	663	6	0.0
1	664	6	0.0
1	665	6	0.0
1	666	6	0.0
1	667	6	0.0
1	668	6	0.0
1	669	6	0.0
1	670	6	0.0
1	671	6	0.0
1	672	6	0.0
1	1	7	0.0
1	2	7	0.0
1	3	7	0.0
1	4	7	0.0
1	5	7	0.0
1	6	7	0.0
1	7	7	0.0
1	8	7	0.0
1	9	7	0.0
1	10	7	0.0
1	11	7	0.0
1	12	7	0.0
1	13	7	0.0
1	14	7	0.0
1	15	7	0.0
1	16	7	0.0
1	17	7	0.0
1	18	7	0.0
1	19	7	0.0
1	20	7	0.0
1	21	7	0.0
1	22	7	0.0
1	23	7	0.0
1	24	7	0.0
1	25	7	0.0
1	26	7	0.0
1	27	7	0.0
1	28	7	0.0
1	29	7	0.0
1	30	7	0.0
1	31	7	0.0
1	32	7	0.0
1	33	7	0.0
1	34	7	0.0
1	35	7	0.0
1	36	7	0.0
1	37	7	0.0
1	38	7	0.0
1	39	7	0.0
1	40	7	0.0
1	41	7	0.0
1	42	7	0.0
1	43	7	0.0
1	44	7	0.0
1	45	7	0.0
1	46	7	0.0
1	47	7	0.0
1	48	7	0.0
1	49	7	0.0
1	50	7	0.0
1	51	7	0.0
1	52	7	0.0
1	53	7	0.0
1	54	7	0.0
1	55	7	0.0
1	56	7	0.0
1	57	7	0.0
1	58	7	0.0
1	59	7	0.0
1	60	7	0.0
1	61	7	0.0
1	62	7	0.0
1	63	7	0.0
1	64	7	0.0
1	65	7	0.0
1	66	7	0.0
1	67	7	0.0
1	68	7	0.0
1	69	7	0.0
1	70	7	0.0
1	71	7	0.0
1	72	7	0.0
1	73	7	0.0
1	74	7	0.0
1	75	7	0.0
1	76	7	0.0
1	77	7	0.0
1	78	7	0.0
1	79	7	0.0
1	80	7	0.0
1	81	7	0.0
1	82	7	0.0
1	83	7	0.0
1	84	7	0.0
1	85	7	0.0
1	86	7	0.0
1	87	7	0.0
1	88	7	0.0
1	89	7	0.0
1	90	7	0.0
1	91	7	0.0
1	92	7	0.0
1	93	7	0.0
1	94	7	0.0
1	95	7	0.0
1	96	7	0.0
1	97	7	0.0
1	98	7	0.0
1	99	7	0.0
1	100	7	0.0
1	101	7	0.0
1	102	7	0.0
1	103	7	0.0
1	104	7	0.0
1	105	7	0.0
1	106	7	0.0
1	107	7	0.0
1	108	7	0.0
1	109	7	0.0
1	110	7	0.0
1	111	7	0.0
1	112	7	0.0
1	113	7	0.0
1	114	7	0.0
1	115	7	0.0
1	116	7	0.0
1	117	7	0.0
1	118	7	0.0
1	119	7	0.0
1	120	7	0.0
1	121	7	0.0
1	122	7	0.0
1	123	7	0.0
1	124	7	0.0
1	125	7	0.0
1	126	7	0.0
1	127	7	0.0
1	128	7	0.0
1	129	7	0.0
1	130	7	0.0
1	131	7	0.0
1	132	7	0.0
1	133	7	0.0
1	134	7	0.0
1	135	7	0.0
1	136	7	0.0
1	137	7	0.0
1	138	7	0.0
1	139	7	0.0
1	140	7	0.0
1	141	7	0.0
1	142	7	0.0
1	143	7	0.0
1	144	7	0.0
1	145	7	0.0
1	146	7	0.0
1	147	7	0.0
1	148	7	0.0
1	149	7	0.0
1	150	7	0.0
1	151	7	0.0
1	152	7	0.0
1	153	7	0.0
1	154	7	0.0
1	155	7	0.0
1	156	7	0.0
1	157	7	0.0
1	158	7	0.0
1	159	7	0.0
1	160	7	0.0
1	161	7	0.0
1	162	7	0.0
1	163	7	0.0
1	164	7	0.0
1	165	7	0.0
1	166	7	0.0
1	167	7	0.0
1	168	7	0.0
1	169	7	0.0
1	170	7	0.0
1	171	7	0.0
1	172	7	0.0
1	173	7	0.0
1	174	7	0.0
1	175	7	0.0
1	176	7	0.0
1	177	7	0.0
1	178	7	0.0
1	179	7	0.0
1	180	7	0.0
1	181	7	0.0
1	182	7	0.0
1	183	7	0.0
1	184	7	0.0
1	185	7	0.0
1	186	7	0.0
1	187	7	0.0
1	188	7	0.0
1	189	7	0.0
1	190	7	0.0
1	191	7	0.0
1	192	7	0.0
1	193	7	0.0
1	194	7	0.0
1	195	7	0.0
1	196	7	0.0
1	197	7	0.0
1	198	7	0.0
1	199	7	0.0
1	200	7	0.0
1	201	7	0.0
1	202	7	0.0
1	203	7	0.0
1	204	7	0.0
1	205	7	0.0
1	206	7	0.0
1	207	7	0.0
1	208	7	0.0
1	209	7	0.0
1	210	7	0.0
1	211	7	0.0
1	212	7	0.0
1	213	7	0.0
1	214	7	0.0
1	215	7	0.0
1	216	7	0.0
1	217	7	0.0
1	218	7	0.0
1	219	7	0.0
1	220	7	0.0
1	221	7	0.0
1	222	7	0.0
1	223	7	0.0
1	224	7	0.0
1	225	7	0.0
1	226	7	0.0
1	227	7	0.0
1	228	7	0.0
1	229	7	0.0
1	230	7	0.0
1	231	7	0.0
1	232	7	0.0
1	233	7	0.0
1	234	7	0.0
1	235	7	0.0
1	236	7	0.0
1	237	7	0.0
1	238	7	0.0
1	239	7	0.0
1	240	7	0.0
1	241	7	0.0
1	242	7	0.0
1	243	7	0.0
1	244	7	0.0
1	245	7	0.0
1	246	7	0.0
1	247	7	0.0
1	248	7	0.0
1	249	7	0.0
1	250	7	0.0
1	251	7	0.0
1	252	7	0.0
1	253	7	0.0
1	254	7	0.0
1	255	7	0.0
1	256	7	0.0
1	257	7	0.0
1	258	7	0.0
1	259	7	0.0
1	260	7	0.0
1	261	7	0.0
1	262	7	0.0
1	263	7	0.0
1	264	7	0.0
1	265	7	0.0
1	266	7	0.0
1	267	7	0.0
1	268	7	0.0
1	269	7	0.0
1	270	7	0.0
1	271	7	0.0
1	272	7	0.0
1	273	7	0.0
1	274	7	0.0
1	275	7	0.0
1	276	7	0.0
1	277	7	0.0
1	278	7	0.0
1	279	7	0.0
1	280	7	0.0
1	281	7	0.0
1	282	7	0.0
1	283	7	0.0
1	284	7	0.0
1	285	7	0.0
1	286	7	0.0
1	287	7	0.0
1	288	7	0.0
1	289	7	0.0
1	290	7	0.0
1	291	7	0.0
1	292	7	0.0
1	293	7	0.0
1	294	7	0.0
1	295	7	0.0
1	296	7	0.0
1	297	7	0.0
1	298	7	0.0
1	299	7	0.0
1	300	7	0.0
1	301	7	0.0
1	302	7	0.0
1	303	7	0.0
1	304	7	0.0
1	305	7	0.0
1	306	7	0.0
1	307	7	0.0
1	308	7	0.0
1	309	7	0.0
1	310	7	0.0
1	311	7	0.0
1	312	7	0.0
1	313	7	0.0
1	314	7	0.0
1	315	7	0.0
1	316	7	0.0
1	317	7	0.0
1	318	7	0.0
1	319	7	0.0
1	320	7	0.0
1	321	7	0.0
1	322	7	0.0
1	323	7	0.0
1	324	7	0.0
1	325	7	0.0
1	326	7	0.0
1	327	7	0.0
1	328	7	0.0
1	329	7	0.0
1	330	7	0.0
1	331	7	0.0
1	332	7	0.0
1	333	7	0.0
1	334	7	0.0
1	335	7	0.0
1	336	7	0.0
1	337	7	0.0
1	338	7	0.0
1	339	7	0.0
1	340	7	0.0
1	341	7	0.0
1	342	7	0.0
1	343	7	0.0
1	344	7	0.0
1	345	7	0.0
1	346	7	0.0
1	347	7	0.0
1	348	7	0.0
1	349	7	0.0
1	350	7	0.0
1	351	7	0.0
1	352	7	0.0
1	353	7	0.0
1	354	7	0.0
1	355	7	0.0
1	356	7	0.0
1	357	7	0.0
1	358	7	0.0
1	359	7	0.0
1	360	7	0.0
1	361	7	0.0
1	362	7	0.0
1	363	7	0.0
1	364	7	0.0
1	365	7	0.0
1	366	7	0.0
1	367	7	0.0
1	368	7	0.0
1	369	7	0.0
1	370	7	0.0
1	371	7	0.0
1	372	7	0.0
1	373	7	0.0
1	374	7	0.0
1	375	7	0.0
1	376	7	0.0
1	377	7	0.0
1	378	7	0.0
1	379	7	0.0
1	380	7	0.0
1	381	7	0.0
1	382	7	0.0
1	383	7	0.0
1	384	7	0.0
1	385	7	0.0
1	386	7	0.0
1	387	7	0.0
1	388	7	0.0
1	389	7	0.0
1	390	7	0.0
1	391	7	0.0
1	392	7	0.0
1	393	7	0.0
1	394	7	0.0
1	395	7	0.0
1	396	7	0.0
1	397	7	0.0
1	398	7	0.0
1	399	7	0.0
1	400	7	0.0
1	401	7	0.0
1	402	7	0.0
1	403	7	0.0
1	404	7	0.0
1	405	7	0.0
1	406	7	0.0
1	407	7	0.0
1	408	7	0.0
1	409	7	0.0
1	410	7	0.0
1	411	7	0.0
1	412	7	0.0
1	413	7	0.0
1	414	7	0.0
1	415	7	0.0
1	416	7	0.0
1	417	7	0.0
1	418	7	0.0
1	419	7	0.0
1	420	7	0.0
1	421	7	0.0
1	422	7	0.0
1	423	7	0.0
1	424	7	0.0
1	425	7	0.0
1	426	7	0.0
1	427	7	0.0
1	428	7	0.0
1	429	7	0.0
1	430	7	0.0
1	431	7	0.0
1	432	7	0.0
1	433	7	0.0
1	434	7	0.0
1	435	7	0.0
1	436	7	0.0
1	437	7	0.0
1	438	7	0.0
1	439	7	0.0
1	440	7	0.0
1	441	7	0.0
1	442	7	0.0
1	443	7	0.0
1	444	7	0.0
1	445	7	0.0
1	446	7	0.0
1	447	7	0.0
1	448	7	0.0
1	449	7	0.0
1	450	7	0.0
1	451	7	0.0
1	452	7	0.0
1	453	7	0.0
1	454	7	0.0
1	455	7	0.0
1	456	7	0.0
1	457	7	0.0
1	458	7	0.0
1	459	7	0.0
1	460	7	0.0
1	461	7	0.0
1	462	7	0.0
1	463	7	0.0
1	464	7	0.0
1	465	7	0.0
1	466	7	0.0
1	467	7	0.0
1	468	7	0.0
1	469	7	0.0
1	470	7	0.0
1	471	7	0.0
1	472	7	0.0
1	473	7	0.0
1	474	7	0.0
1	475	7	0.0
1	476	7	0.0
1	477	7	0.0
1	478	7	0.0
1	479	7	0.0
1	480	7	0.0
1	481	7	0.0
1	482	7	0.0
1	483	7	0.0
1	484	7	0.0
1	485	7	0.0
1	486	7	0.0
1	487	7	0.0
1	488	7	0.0
1	489	7	0.0
1	490	7	0.0
1	491	7	0.0
1	492	7	0.0
1	493	7	0.0
1	494	7	0.0
1	495	7	0.0
1	496	7	0.0
1	497	7	0.0
1	498	7	0.0
1	499	7	0.0
1	500	7	0.0
1	501	7	0.0
1	502	7	0.0
1	503	7	0.0
1	504	7	0.0
1	505	7	0.0
1	506	7	0.0
1	507	7	0.0
1	508	7	0.0
1	509	7	0.0
1	510	7	0.0
1	511	7	0.0
1	512	7	0.0
1	513	7	0.0
1	514	7	0.0
1	515	7	0.0
1	516	7	0.0
1	517	7	0.0
1	518	7	0.0
1	519	7	0.0
1	520	7	0.0
1	521	7	0.0
1	522	7	0.0
1	523	7	0.0
1	524	7	0.0
1	525	7	0.0
1	526	7	0.0
1	527	7	0.0
1	528	7	0.0
1	529	7	0.0
1	530	7	0.0
1	531	7	0.0
1	532	7	0.0
1	533	7	0.0
1	534	7	0.0
1	535	7	0.0
1	536	7	0.0
1	537	7	0.0
1	538	7	0.0
1	539	7	0.0
1	540	7	0.0
1	541	7	0.0
1	542	7	0.0
1	543	7	0.0
1	544	7	0.0
1	545	7	0.0
1	546	7	0.0
1	547	7	0.0
1	548	7	0.0
1	549	7	0.0
1	550	7	0.0
1	551	7	0.0
1	552	7	0.0
1	553	7	0.0
1	554	7	0.0
1	555	7	0.0
1	556	7	0.0
1	557	7	0.0
1	558	7	0.0
1	559	7	0.0
1	560	7	0.0
1	561	7	0.0
1	562	7	0.0
1	563	7	0.0
1	564	7	0.0
1	565	7	0.0
1	566	7	0.0
1	567	7	0.0
1	568	7	0.0
1	569	7	0.0
1	570	7	0.0
1	571	7	0.0
1	572	7	0.0
1	573	7	0.0
1	574	7	0.0
1	575	7	0.0
1	576	7	0.0
1	577	7	0.0
1	578	7	0.0
1	579	7	0.0
1	580	7	0.0
1	581	7	0.0
1	582	7	0.0
1	583	7	0.0
1	584	7	0.0
1	585	7	0.0
1	586	7	0.0
1	587	7	0.0
1	588	7	0.0
1	589	7	0.0
1	590	7	0.0
1	591	7	0.0
1	592	7	0.0
1	593	7	0.0
1	594	7	0.0
1	595	7	0.0
1	596	7	0.0
1	597	7	0.0
1	598	7	0.0
1	599	7	0.0
1	600	7	0.0
1	601	7	0.0
1	602	7	0.0
1	603	7	0.0
1	604	7	0.0
1	605	7	0.0
1	606	7	0.0
1	607	7	0.0
1	608	7	0.0
1	609	7	0.0
1	610	7	0.0
1	611	7	0.0
1	612	7	0.0
1	613	7	0.0
1	614	7	0.0
1	615	7	0.0
1	616	7	0.0
1	617	7	0.0
1	618	7	0.0
1	619	7	0.0
1	620	7	0.0
1	621	7	0.0
1	622	7	0.0
1	623	7	0.0
1	624	7	0.0
1	625	7	0.0
1	626	7	0.0
1	627	7	0.0
1	628	7	0.0
1	629	7	0.0
1	630	7	0.0
1	631	7	0.0
1	632	7	0.0
1	633	7	0.0
1	634	7	0.0
1	635	7	0.0
1	636	7	0.0
1	637	7	0.0
1	638	7	0.0
1	639	7	0.0
1	640	7	0.0
1	641	7	0.0
1	642	7	0.0
1	643	7	0.0
1	644	7	0.0
1	645	7	0.0
1	646	7	0.0
1	647	7	0.0
1	648	7	0.0
1	649	7	0.0
1	650	7	0.0
1	651	7	0.0
1	652	7	0.0
1	653	7	0.0
1	654	7	0.0
1	655	7	0.0
1	656	7	0.0
1	657	7	0.0
1	658	7	0.0
1	659	7	0.0
1	660	7	0.0
1	661	7	0.0
1	662	7	0.0
1	663	7	0.0
1	664	7	0.0
1	665	7	0.0
1	666	7	0.0
1	667	7	0.0
1	668	7	0.0
1	669	7	0.0
1	670	7	0.0
1	671	7	0.0
1	672	7	0.0
1	1	8	0.0
1	2	8	0.0
1	3	8	0.0
1	4	8	0.0
1	5	8	0.0
1	6	8	0.0
1	7	8	0.0
1	8	8	0.0
1	9	8	0.0
1	10	8	0.0
1	11	8	0.0
1	12	8	0.0
1	13	8	0.0
1	14	8	0.0
1	15	8	0.0
1	16	8	0.0
1	17	8	0.0
1	18	8	0.0
1	19	8	0.0
1	20	8	0.0
1	21	8	0.0
1	22	8	0.0
1	23	8	0.0
1	24	8	0.0
1	25	8	0.0
1	26	8	0.0
1	27	8	0.0
1	28	8	0.0
1	29	8	0.0
1	30	8	0.0
1	31	8	0.0
1	32	8	0.0
1	33	8	0.0
1	34	8	0.0
1	35	8	0.0
1	36	8	0.0
1	37	8	0.0
1	38	8	0.0
1	39	8	0.0
1	40	8	0.0
1	41	8	0.0
1	42	8	0.0
1	43	8	0.0
1	44	8	0.0
1	45	8	0.0
1	46	8	0.0
1	47	8	0.0
1	48	8	0.0
1	49	8	0.0
1	50	8	0.0
1	51	8	0.0
1	52	8	0.0
1	53	8	0.0
1	54	8	0.0
1	55	8	0.0
1	56	8	0.0
1	57	8	0.0
1	58	8	0.0
1	59	8	0.0
1	60	8	0.0
1	61	8	0.0
1	62	8	0.0
1	63	8	0.0
1	64	8	0.0
1	65	8	0.0
1	66	8	0.0
1	67	8	0.0
1	68	8	0.0
1	69	8	0.0
1	70	8	0.0
1	71	8	0.0
1	72	8	0.0
1	73	8	0.0
1	74	8	0.0
1	75	8	0.0
1	76	8	0.0
1	77	8	0.0
1	78	8	0.0
1	79	8	0.0
1	80	8	0.0
1	81	8	0.0
1	82	8	0.0
1	83	8	0.0
1	84	8	0.0
1	85	8	0.0
1	86	8	0.0
1	87	8	0.0
1	88	8	0.0
1	89	8	0.0
1	90	8	0.0
1	91	8	0.0
1	92	8	0.0
1	93	8	0.0
1	94	8	0.0
1	95	8	0.0
1	96	8	0.0
1	97	8	0.0
1	98	8	0.0
1	99	8	0.0
1	100	8	0.0
1	101	8	0.0
1	102	8	0.0
1	103	8	0.0
1	104	8	0.0
1	105	8	0.0
1	106	8	0.0
1	107	8	0.0
1	108	8	0.0
1	109	8	0.0
1	110	8	0.0
1	111	8	0.0
1	112	8	0.0
1	113	8	0.0
1	114	8	0.0
1	115	8	0.0
1	116	8	0.0
1	117	8	0.0
1	118	8	0.0
1	119	8	0.0
1	120	8	0.0
1	121	8	0.0
1	122	8	0.0
1	123	8	0.0
1	124	8	0.0
1	125	8	0.0
1	126	8	0.0
1	127	8	0.0
1	128	8	0.0
1	129	8	0.0
1	130	8	0.0
1	131	8	0.0
1	132	8	0.0
1	133	8	0.0
1	134	8	0.0
1	135	8	0.0
1	136	8	0.0
1	137	8	0.0
1	138	8	0.0
1	139	8	0.0
1	140	8	0.0
1	141	8	0.0
1	142	8	0.0
1	143	8	0.0
1	144	8	0.0
1	145	8	0.0
1	146	8	0.0
1	147	8	0.0
1	148	8	0.0
1	149	8	0.0
1	150	8	0.0
1	151	8	0.0
1	152	8	0.0
1	153	8	0.0
1	154	8	0.0
1	155	8	0.0
1	156	8	0.0
1	157	8	0.0
1	158	8	0.0
1	159	8	0.0
1	160	8	0.0
1	161	8	0.0
1	162	8	0.0
1	163	8	0.0
1	164	8	0.0
1	165	8	0.0
1	166	8	0.0
1	167	8	0.0
1	168	8	0.0
1	169	8	0.0
1	170	8	0.0
1	171	8	0.0
1	172	8	0.0
1	173	8	0.0
1	174	8	0.0
1	175	8	0.0
1	176	8	0.0
1	177	8	0.0
1	178	8	0.0
1	179	8	0.0
1	180	8	0.0
1	181	8	0.0
1	182	8	0.0
1	183	8	0.0
1	184	8	0.0
1	185	8	0.0
1	186	8	0.0
1	187	8	0.0
1	188	8	0.0
1	189	8	0.0
1	190	8	0.0
1	191	8	0.0
1	192	8	0.0
1	193	8	0.0
1	194	8	0.0
1	195	8	0.0
1	196	8	0.0
1	197	8	0.0
1	198	8	0.0
1	199	8	0.0
1	200	8	0.0
1	201	8	0.0
1	202	8	0.0
1	203	8	0.0
1	204	8	0.0
1	205	8	0.0
1	206	8	0.0
1	207	8	0.0
1	208	8	0.0
1	209	8	0.0
1	210	8	0.0
1	211	8	0.0
1	212	8	0.0
1	213	8	0.0
1	214	8	0.0
1	215	8	0.0
1	216	8	0.0
1	217	8	0.0
1	218	8	0.0
1	219	8	0.0
1	220	8	0.0
1	221	8	0.0
1	222	8	0.0
1	223	8	0.0
1	224	8	0.0
1	225	8	0.0
1	226	8	0.0
1	227	8	0.0
1	228	8	0.0
1	229	8	0.0
1	230	8	0.0
1	231	8	0.0
1	232	8	0.0
1	233	8	0.0
1	234	8	0.0
1	235	8	0.0
1	236	8	0.0
1	237	8	0.0
1	238	8	0.0
1	239	8	0.0
1	240	8	0.0
1	241	8	0.0
1	242	8	0.0
1	243	8	0.0
1	244	8	0.0
1	245	8	0.0
1	246	8	0.0
1	247	8	0.0
1	248	8	0.0
1	249	8	0.0
1	250	8	0.0
1	251	8	0.0
1	252	8	0.0
1	253	8	0.0
1	254	8	0.0
1	255	8	0.0
1	256	8	0.0
1	257	8	0.0
1	258	8	0.0
1	259	8	0.0
1	260	8	0.0
1	261	8	0.0
1	262	8	0.0
1	263	8	0.0
1	264	8	0.0
1	265	8	0.0
1	266	8	0.0
1	267	8	0.0
1	268	8	0.0
1	269	8	0.0
1	270	8	0.0
1	271	8	0.0
1	272	8	0.0
1	273	8	0.0
1	274	8	0.0
1	275	8	0.0
1	276	8	0.0
1	277	8	0.0
1	278	8	0.0
1	279	8	0.0
1	280	8	0.0
1	281	8	0.0
1	282	8	0.0
1	283	8	0.0
1	284	8	0.0
1	285	8	0.0
1	286	8	0.0
1	287	8	0.0
1	288	8	0.0
1	289	8	0.0
1	290	8	0.0
1	291	8	0.0
1	292	8	0.0
1	293	8	0.0
1	294	8	0.0
1	295	8	0.0
1	296	8	0.0
1	297	8	0.0
1	298	8	0.0
1	299	8	0.0
1	300	8	0.0
1	301	8	0.0
1	302	8	0.0
1	303	8	0.0
1	304	8	0.0
1	305	8	0.0
1	306	8	0.0
1	307	8	0.0
1	308	8	0.0
1	309	8	0.0
1	310	8	0.0
1	311	8	0.0
1	312	8	0.0
1	313	8	0.0
1	314	8	0.0
1	315	8	0.0
1	316	8	0.0
1	317	8	0.0
1	318	8	0.0
1	319	8	0.0
1	320	8	0.0
1	321	8	0.0
1	322	8	0.0
1	323	8	0.0
1	324	8	0.0
1	325	8	0.0
1	326	8	0.0
1	327	8	0.0
1	328	8	0.0
1	329	8	0.0
1	330	8	0.0
1	331	8	0.0
1	332	8	0.0
1	333	8	0.0
1	334	8	0.0
1	335	8	0.0
1	336	8	0.0
1	337	8	0.0
1	338	8	0.0
1	339	8	0.0
1	340	8	0.0
1	341	8	0.0
1	342	8	0.0
1	343	8	0.0
1	344	8	0.0
1	345	8	0.0
1	346	8	0.0
1	347	8	0.0
1	348	8	0.0
1	349	8	0.0
1	350	8	0.0
1	351	8	0.0
1	352	8	0.0
1	353	8	0.0
1	354	8	0.0
1	355	8	0.0
1	356	8	0.0
1	357	8	0.0
1	358	8	0.0
1	359	8	0.0
1	360	8	0.0
1	361	8	0.0
1	362	8	0.0
1	363	8	0.0
1	364	8	0.0
1	365	8	0.0
1	366	8	0.0
1	367	8	0.0
1	368	8	0.0
1	369	8	0.0
1	370	8	0.0
1	371	8	0.0
1	372	8	0.0
1	373	8	0.0
1	374	8	0.0
1	375	8	0.0
1	376	8	0.0
1	377	8	0.0
1	378	8	0.0
1	379	8	0.0
1	380	8	0.0
1	381	8	0.0
1	382	8	0.0
1	383	8	0.0
1	384	8	0.0
1	385	8	0.0
1	386	8	0.0
1	387	8	0.0
1	388	8	0.0
1	389	8	0.0
1	390	8	0.0
1	391	8	0.0
1	392	8	0.0
1	393	8	0.0
1	394	8	0.0
1	395	8	0.0
1	396	8	0.0
1	397	8	0.0
1	398	8	0.0
1	399	8	0.0
1	400	8	0.0
1	401	8	0.0
1	402	8	0.0
1	403	8	0.0
1	404	8	0.0
1	405	8	0.0
1	406	8	0.0
1	407	8	0.0
1	408	8	0.0
1	409	8	0.0
1	410	8	0.0
1	411	8	0.0
1	412	8	0.0
1	413	8	0.0
1	414	8	0.0
1	415	8	0.0
1	416	8	0.0
1	417	8	0.0
1	418	8	0.0
1	419	8	0.0
1	420	8	0.0
1	421	8	0.0
1	422	8	0.0
1	423	8	0.0
1	424	8	0.0
1	425	8	0.0
1	426	8	0.0
1	427	8	0.0
1	428	8	0.0
1	429	8	0.0
1	430	8	0.0
1	431	8	0.0
1	432	8	0.0
1	433	8	0.0
1	434	8	0.0
1	435	8	0.0
1	436	8	0.0
1	437	8	0.0
1	438	8	0.0
1	439	8	0.0
1	440	8	0.0
1	441	8	0.0
1	442	8	0.0
1	443	8	0.0
1	444	8	0.0
1	445	8	0.0
1	446	8	0.0
1	447	8	0.0
1	448	8	0.0
1	449	8	0.0
1	450	8	0.0
1	451	8	0.0
1	452	8	0.0
1	453	8	0.0
1	454	8	0.0
1	455	8	0.0
1	456	8	0.0
1	457	8	0.0
1	458	8	0.0
1	459	8	0.0
1	460	8	0.0
1	461	8	0.0
1	462	8	0.0
1	463	8	0.0
1	464	8	0.0
1	465	8	0.0
1	466	8	0.0
1	467	8	0.0
1	468	8	0.0
1	469	8	0.0
1	470	8	0.0
1	471	8	0.0
1	472	8	0.0
1	473	8	0.0
1	474	8	0.0
1	475	8	0.0
1	476	8	0.0
1	477	8	0.0
1	478	8	0.0
1	479	8	0.0
1	480	8	0.0
1	481	8	0.0
1	482	8	0.0
1	483	8	0.0
1	484	8	0.0
1	485	8	0.0
1	486	8	0.0
1	487	8	0.0
1	488	8	0.0
1	489	8	0.0
1	490	8	0.0
1	491	8	0.0
1	492	8	0.0
1	493	8	0.0
1	494	8	0.0
1	495	8	0.0
1	496	8	0.0
1	497	8	0.0
1	498	8	0.0
1	499	8	0.0
1	500	8	0.0
1	501	8	0.0
1	502	8	0.0
1	503	8	0.0
1	504	8	0.0
1	505	8	0.0
1	506	8	0.0
1	507	8	0.0
1	508	8	0.0
1	509	8	0.0
1	510	8	0.0
1	511	8	0.0
1	512	8	0.0
1	513	8	0.0
1	514	8	0.0
1	515	8	0.0
1	516	8	0.0
1	517	8	0.0
1	518	8	0.0
1	519	8	0.0
1	520	8	0.0
1	521	8	0.0
1	522	8	0.0
1	523	8	0.0
1	524	8	0.0
1	525	8	0.0
1	526	8	0.0
1	527	8	0.0
1	528	8	0.0
1	529	8	0.0
1	530	8	0.0
1	531	8	0.0
1	532	8	0.0
1	533	8	0.0
1	534	8	0.0
1	535	8	0.0
1	536	8	0.0
1	537	8	0.0
1	538	8	0.0
1	539	8	0.0
1	540	8	0.0
1	541	8	0.0
1	542	8	0.0
1	543	8	0.0
1	544	8	0.0
1	545	8	0.0
1	546	8	0.0
1	547	8	0.0
1	548	8	0.0
1	549	8	0.0
1	550	8	0.0
1	551	8	0.0
1	552	8	0.0
1	553	8	0.0
1	554	8	0.0
1	555	8	0.0
1	556	8	0.0
1	557	8	0.0
1	558	8	0.0
1	559	8	0.0
1	560	8	0.0
1	561	8	0.0
1	562	8	0.0
1	563	8	0.0
1	564	8	0.0
1	565	8	0.0
1	566	8	0.0
1	567	8	0.0
1	568	8	0.0
1	569	8	0.0
1	570	8	0.0
1	571	8	0.0
1	572	8	0.0
1	573	8	0.0
1	574	8	0.0
1	575	8	0.0
1	576	8	0.0
1	577	8	0.0
1	578	8	0.0
1	579	8	0.0
1	580	8	0.0
1	581	8	0.0
1	582	8	0.0
1	583	8	0.0
1	584	8	0.0
1	585	8	0.0
1	586	8	0.0
1	587	8	0.0
1	588	8	0.0
1	589	8	0.0
1	590	8	0.0
1	591	8	0.0
1	592	8	0.0
1	593	8	0.0
1	594	8	0.0
1	595	8	0.0
1	596	8	0.0
1	597	8	0.0
1	598	8	0.0
1	599	8	0.0
1	600	8	0.0
1	601	8	0.0
1	602	8	0.0
1	603	8	0.0
1	604	8	0.0
1	605	8	0.0
1	606	8	0.0
1	607	8	0.0
1	608	8	0.0
1	609	8	0.0
1	610	8	0.0
1	611	8	0.0
1	612	8	0.0
1	613	8	0.0
1	614	8	0.0
1	615	8	0.0
1	616	8	0.0
1	617	8	0.0
1	618	8	0.0
1	619	8	0.0
1	620	8	0.0
1	621	8	0.0
1	622	8	0.0
1	623	8	0.0
1	624	8	0.0
1	625	8	0.0
1	626	8	0.0
1	627	8	0.0
1	628	8	0.0
1	629	8	0.0
1	630	8	0.0
1	631	8	0.0
1	632	8	0.0
1	633	8	0.0
1	634	8	0.0
1	635	8	0.0
1	636	8	0.0
1	637	8	0.0
1	638	8	0.0
1	639	8	0.0
1	640	8	0.0
1	641	8	0.0
1	642	8	0.0
1	643	8	0.0
1	644	8	0.0
1	645	8	0.0
1	646	8	0.0
1	647	8	0.0
1	648	8	0.0
1	649	8	0.0
1	650	8	0.0
1	651	8	0.0
1	652	8	0.0
1	653	8	0.0
1	654	8	0.0
1	655	8	0.0
1	656	8	0.0
1	657	8	0.0
1	658	8	0.0
1	659	8	0.0
1	660	8	0.0
1	661	8	0.0
1	662	8	0.0
1	663	8	0.0
1	664	8	0.0
1	665	8	0.0
1	666	8	0.0
1	667	8	0.0
1	668	8	0.0
1	669	8	0.0
1	670	8	0.0
1	671	8	0.0
1	672	8	0.0
1	1	9	15.937937721406565
1	2	9	9.771886977966213
1	3	9	14.420860024021264
1	4	9	13.913862250829462
1	5	9	13.654602881588504
1	6	9	13.930654245990873
1	7	9	13.461231385738728
1	8	9	12.935483806290463
1	9	9	12.31576129427969
1	10	9	12.308607753740077
1	11	9	12.060944650215967
1	12	9	12.578258581870159
1	13	9	12.071938512518953
1	14	9	12.305896938377696
1	15	9	11.991743558048542
1	16	9	12.020809522767395
1	17	9	11.970960640270295
1	18	9	11.827814529051283
1	19	9	11.810344830049278
1	20	9	12.357703631969848
1	21	9	12.122389798429914
1	22	9	8.455710819103968
1	23	9	12.18729876627357
1	24	9	12.128564433422003
1	25	9	12.318622710495537
1	26	9	12.510864699944323
1	27	9	12.999639769866791
1	28	9	12.78013902594074
1	29	9	12.610411864085057
1	30	9	12.679462355399014
1	31	9	12.230069408657789
1	32	9	12.437672685160061
1	33	9	12.52976510705425
1	34	9	12.42464571133529
1	35	9	11.950328323345515
1	36	9	12.035493105980287
1	37	9	11.969529932162372
1	38	9	11.979695489771299
1	39	9	11.842498112264174
1	40	9	12.00710484510203
1	41	9	11.15771603155628
1	42	9	11.357262162398145
1	43	9	10.379862623406673
1	44	9	10.595297144289153
1	45	9	11.371945745611038
1	46	9	11.811323735596803
1	47	9	11.85401907755429
1	48	9	11.18023085914938
1	49	9	11.022024662583814
1	50	9	10.800415506709243
1	51	9	11.051918931996726
1	52	9	9.753965476403812
1	53	9	9.220236051721875
1	54	9	9.172947383733689
1	55	9	9.101110776630618
1	56	9	9.447492739601401
1	57	9	9.44500782551922
1	58	9	9.655849020371
1	59	9	10.228659366527253
1	60	9	10.492813263505841
1	61	9	10.955986188339166
1	62	9	11.77901985252844
1	63	9	12.77034997046548
1	64	9	13.100165839555052
1	65	9	14.1670975859318
1	66	9	13.953169073583974
1	67	9	15.003986528639906
1	68	9	14.80685001145349
1	69	9	15.194195406566905
1	70	9	15.587866037525876
1	71	9	17.111419571610195
1	72	9	18.218561745862246
1	73	9	20.066358917457915
1	74	9	21.159419911910938
1	75	9	23.186582699984083
1	76	9	24.98852191169949
1	77	9	27.041136244008314
1	78	9	27.38089176942661
1	79	9	27.974485033361113
1	80	9	13.628548933938964
1	81	9	28.541647847512404
1	82	9	28.80519934107713
1	83	9	28.81732270978111
1	84	9	29.588926182511894
1	85	9	28.991492596814027
1	86	9	27.096707958937106
1	87	9	27.280441000165087
1	88	9	26.818246980879287
1	89	9	23.944707396329704
1	90	9	23.7907933240879
1	91	9	23.037036052492784
1	92	9	23.110002165996846
1	93	9	22.49427057660291
1	94	9	21.741944013115717
1	95	9	20.402650623246505
1	96	9	19.0858720609704
1	97	9	20.407545150984138
1	98	9	18.94777107834248
1	99	9	18.591072956909308
1	100	9	17.957269265099505
1	101	9	15.89223036237977
1	102	9	14.498871266116424
1	103	9	13.94767214243248
1	104	9	13.841498540739263
1	105	9	13.480884797115982
1	106	9	15.391482524606788
1	107	9	16.19847719790198
1	108	9	16.14124887358507
1	109	9	16.179652091218784
1	110	9	15.650440692140815
1	111	9	16.03236445652947
1	112	9	15.923856541607536
1	113	9	14.55000025586798
1	114	9	15.322657934573026
1	115	9	16.983258245311006
1	116	9	17.008709789546685
1	117	9	19.097468326687245
1	118	9	19.96026061619143
1	119	9	19.823891543378366
1	120	9	20.652949241706263
1	121	9	21.66024305011065
1	122	9	20.78080936629852
1	123	9	21.115218561418796
1	124	9	21.957604435278395
1	125	9	22.014456257461646
1	126	9	22.22371614335204
1	127	9	23.67580957246695
1	128	9	24.200728847221153
1	129	9	25.082647445115462
1	130	9	27.053786715699424
1	131	9	27.342865053926563
1	132	9	32.45267671158622
1	133	9	32.69280977243705
1	134	9	32.64454219890134
1	135	9	32.60282576249138
1	136	9	31.08145594078231
1	137	9	31.460141786821456
1	138	9	16.05457808241564
1	139	9	29.56279693443562
1	140	9	29.679437295444696
1	141	9	29.863923340940005
1	142	9	30.07913196054229
1	143	9	29.937868359991594
1	144	9	31.106229781177394
1	145	9	32.27105208230676
1	146	9	31.678362423493052
1	147	9	29.38087110344923
1	148	9	27.693539141221112
1	149	9	27.72576772386274
1	150	9	26.08067930103172
1	151	9	25.888136109876
1	152	9	25.517808611204195
1	153	9	28.65474908846504
1	154	9	28.24406056106446
1	155	9	28.944279229252576
1	156	9	30.977691952744543
1	157	9	30.753673183214524
1	158	9	31.120838063963557
1	159	9	31.610592039433552
1	160	9	32.64785541767758
1	161	9	30.433420468320012
1	162	9	29.86264323368555
1	163	9	29.655491759743672
1	164	9	29.951723638510426
1	165	9	29.696681093166504
1	166	9	28.168308331771286
1	167	9	29.446909577693877
1	168	9	29.041642681018057
1	169	9	29.109789567211223
1	170	9	29.42160863431166
1	171	9	31.196439692403267
1	172	9	30.472727291074527
1	173	9	31.208035958120114
1	174	9	31.944022329006298
1	175	9	31.28431529040042
1	176	9	31.797939501144707
1	177	9	30.905704744788004
1	178	9	30.98507139456435
1	179	9	29.192469435763815
1	180	9	28.86174996155345
1	181	9	26.447693580927282
1	182	9	26.11223017983275
1	183	9	23.488688012035993
1	184	9	22.16121678916383
1	185	9	19.839328130858586
1	186	9	19.689480281660355
1	187	9	18.778269817766997
1	188	9	18.0114855723471
1	189	9	16.72053505644034
1	190	9	16.943123117862434
1	191	9	16.066023747279026
1	192	9	15.53432743411887
1	193	9	15.328757269138382
1	194	9	13.837959420682822
1	195	9	12.605140834213762
1	196	9	6.079907055258053
1	197	9	11.1504118901632
1	198	9	10.70470866433188
1	199	9	9.784989252217718
1	200	9	9.663755565177942
1	201	9	8.745542161598435
1	202	9	8.795240443242069
1	203	9	8.5329690569318
1	204	9	8.38184110047911
1	205	9	8.170322201786734
1	206	9	7.771982944370333
1	207	9	7.193148564075459
1	208	9	6.796014113486782
1	209	9	6.264920203740491
1	210	9	6.232089217684999
1	211	9	6.139846194937345
1	212	9	5.796551549462604
1	213	9	5.64195977338021
1	214	9	5.566282844513767
1	215	9	5.95302583621332
1	216	9	5.9068666746261265
1	217	9	6.110403728084829
1	218	9	6.389090607422844
1	219	9	6.525309079382442
1	220	9	6.508291182940833
1	221	9	6.796390615620447
1	222	9	6.878242179478978
1	223	9	6.864914003947275
1	224	9	7.2402866312101795
1	225	9	7.606171404704753
1	226	9	7.737194147219789
1	227	9	8.206165204911537
1	228	9	8.388166336324664
1	229	9	9.045313160421628
1	230	9	9.607807348115488
1	231	9	9.957050727302118
1	232	9	10.411714703914638
1	233	9	11.029554705257091
1	234	9	11.332789523709993
1	235	9	11.071497042947248
1	236	9	10.97827511465207
1	237	9	11.262383624714845
1	238	9	12.079619156045696
1	239	9	12.969594899600413
1	240	9	12.518168841337403
1	241	9	12.082254670981342
1	242	9	11.27036546994852
1	243	9	10.863592564738045
1	244	9	10.476774272611758
1	245	9	10.818562909551844
1	246	9	11.01735603612638
1	247	9	10.422633265790891
1	248	9	11.31622342982878
1	249	9	11.607636081284635
1	250	9	11.780450560636364
1	251	9	12.273969557443
1	252	9	11.743929853670966
1	253	9	11.984514717082195
1	254	9	7.991558988723116
1	255	9	11.023831872825399
1	256	9	11.064418802834366
1	257	9	11.248904848329676
1	258	9	11.969605232589105
1	259	9	13.30385349386722
1	260	9	13.625687517723117
1	261	9	15.19479780998077
1	262	9	16.16075168410886
1	263	9	18.004256731380757
1	264	9	17.883625447754845
1	265	9	18.79445940951454
1	266	9	19.10145924930408
1	267	9	20.558447206156625
1	268	9	21.179148623714923
1	269	9	22.40624437775229
1	270	9	24.001559218512952
1	271	9	24.521960467663188
1	272	9	26.71116977406528
1	273	9	28.1665011215297
1	274	9	29.353687649398694
1	275	9	29.62235957198125
1	276	9	30.198784338620676
1	277	9	30.035081210903613
1	278	9	30.221826269200903
1	279	9	28.4564077644509
1	280	9	27.223287976274907
1	281	9	26.764256574911887
1	282	9	26.747991682737606
1	283	9	27.210562204157068
1	284	9	27.02630205994196
1	285	9	26.35823667396874
1	286	9	25.851690703337333
1	287	9	24.833478333056696
1	288	9	22.971599981662
1	289	9	20.34444339338207
1	290	9	20.302425755265176
1	291	9	18.561329288349857
1	292	9	17.81675866881614
1	293	9	17.88430315159544
1	294	9	17.63076661478617
1	295	9	16.085375956949346
1	296	9	14.98320361086166
1	297	9	13.721544960953945
1	298	9	14.849771254691174
1	299	9	15.69396433879236
1	300	9	14.62206276425125
1	301	9	13.63961809666868
1	302	9	13.812357275593676
1	303	9	13.256414225025567
1	304	9	13.284200082489964
1	305	9	12.700245273177261
1	306	9	11.834365666177034
1	307	9	12.694823642452501
1	308	9	12.269075029705368
1	309	9	12.984127881959838
1	310	9	13.512059173783353
1	311	9	14.030126109704874
1	312	9	14.115817995326776
1	313	9	14.578388516746239
1	314	9	15.15767469960151
1	315	9	15.667006786022025
1	316	9	15.619567517180377
1	317	9	15.562188592009997
1	318	9	15.139451996332175
1	319	9	14.466642683474795
1	320	9	14.2801235264577
1	321	9	14.438781525583666
1	322	9	14.42289313554305
1	323	9	13.370042568965331
1	324	9	13.300389674237511
1	325	9	12.704160895367366
1	326	9	12.165536942947796
1	327	9	11.190170515478108
1	328	9	10.87157440997172
1	329	9	9.980469160016012
1	330	9	9.616015094629361
1	331	9	9.007662947055238
1	332	9	9.001337711209686
1	333	9	8.778523748507391
1	334	9	8.638013152224026
1	335	9	8.348859513570154
1	336	9	8.425665948837588
1	337	9	35.87508110659103
1	338	9	36.534712844770176
1	339	9	37.27597024552765
1	340	9	37.684475060552984
1	341	9	36.734635477745705
1	342	9	37.421902472535784
1	343	9	35.54865375670443
1	344	9	35.696317893527414
1	345	9	36.13569588351318
1	346	9	34.78307431811227
1	347	9	34.03729889175082
1	348	9	35.08216761309487
1	349	9	33.6292458792859
1	350	9	33.14250392088521
1	351	9	31.287929710883592
1	352	9	29.215887868477708
1	353	9	28.153700048985126
1	354	9	27.3599582507949
1	355	9	24.341615945638182
1	356	9	25.40064114720799
1	357	9	24.503210661406726
1	358	9	23.581684039050973
1	359	9	24.031829990059528
1	360	9	23.198178965700933
1	361	9	23.6692584353412
1	362	9	23.331310120164485
1	363	9	23.95780967058121
1	364	9	23.031614421768026
1	365	9	21.41423655597466
1	366	9	22.566107183705984
1	367	9	23.79794686462752
1	368	9	24.00908926118623
1	369	9	25.162089395318542
1	370	9	27.616055002113082
1	371	9	29.785610897137918
1	372	9	30.346523775870388
1	373	9	31.262252265367714
1	374	9	31.805996646805113
1	375	9	33.30680945201613
1	376	9	33.813506023501
1	377	9	34.386015167950326
1	378	9	33.94626067583089
1	379	9	36.281025707107446
1	380	9	36.36731999614321
1	381	9	35.47681714960136
1	382	9	34.885784100175776
1	383	9	33.24687031233684
1	384	9	32.97127075049487
1	385	9	32.29303980691273
1	386	9	31.15314194703192
1	387	9	31.327838937051965
1	388	9	28.938481096394153
1	389	9	26.165166379825894
1	390	9	24.935585711706345
1	391	9	21.71242624583647
1	392	9	20.77990576117773
1	393	9	17.711789873950643
1	394	9	16.558112035977736
1	395	9	14.994197473164645
1	396	9	15.201424247533252
1	397	9	15.081922470308333
1	398	9	15.678979553872539
1	399	9	15.678301850031943
1	400	9	16.576108837966867
1	401	9	18.59687108976773
1	402	9	20.890672688901645
1	403	9	22.982593843964985
1	404	9	24.204343267704324
1	405	9	26.153570114109048
1	406	9	29.36694052450366
1	407	9	33.17699151632882
1	408	9	32.147258180758065
1	409	9	33.769982376849455
1	410	9	35.5488043575579
1	411	9	39.43641478891782
1	412	9	39.12519812523124
1	413	9	38.93762476223989
1	414	9	37.95999932196822
1	415	9	38.37618478052029
1	416	9	39.25817867884133
1	417	9	39.01239808598554
1	418	9	36.71498206636845
1	419	9	32.60049144926267
1	420	9	29.094428280157736
1	421	9	31.15314194703192
1	422	9	26.852056872482304
1	423	9	25.678876223985608
1	424	9	28.270189809140735
1	425	9	28.812051679909814
1	426	9	29.492240434587007
1	427	9	31.04101961162681
1	428	9	32.292889206059264
1	429	9	34.7158310370399
1	430	9	35.222828810231704
1	431	9	37.28606050270985
1	432	9	35.55716270492524
1	433	9	36.394202248486806
1	434	9	36.78824938157944
1	435	9	37.9307827563959
1	436	9	36.2919442689837
1	437	9	39.19387211441154
1	438	9	40.05026386764343
1	439	9	40.51147898138171
1	440	9	41.31169661627095
1	441	9	40.95981772214868
1	442	9	39.88430172712439
1	443	9	39.54552510725362
1	444	9	39.839497973218386
1	445	9	38.8772338200002
1	446	9	37.45014013256058
1	447	9	36.992539439305475
1	448	9	38.16353637542692
1	449	9	36.7272560359259
1	450	9	36.96392527714701
1	451	9	37.29758146799996
1	452	9	37.50819676157155
1	453	9	38.6874767446336
1	454	9	39.103135100198536
1	455	9	39.34974399774839
1	456	9	39.41932159204948
1	457	9	41.02578089596659
1	458	9	41.076909885718145
1	459	9	39.63596091975968
1	460	9	39.56540441991107
1	461	9	39.94860829155418
1	462	9	40.662757538687856
1	463	9	40.41486853388355
1	464	9	40.26991521242295
1	465	9	38.330251520213295
1	466	9	36.43283136740072
1	467	9	36.61942582484455
1	468	9	37.49923601079034
1	469	9	34.73427964158943
1	470	9	33.894755183945676
1	471	9	33.483238351851035
1	472	9	34.03112425675874
1	473	9	33.83127692420994
1	474	9	34.67283449337548
1	475	9	34.226378263276835
1	476	9	34.88119077414508
1	477	9	34.529688382156465
1	478	9	33.39370614446576
1	479	9	31.856673833996272
1	480	9	31.332131061375733
1	481	9	28.43216102704294
1	482	9	27.414475759749433
1	483	9	23.49207653123897
1	484	9	21.92221323471399
1	485	9	20.484502187105036
1	486	9	18.51757974041811
1	487	9	15.152780171863878
1	488	9	15.020402021667651
1	489	9	13.283447078222634
1	490	9	11.743176849403639
1	491	9	11.232639956155396
1	492	9	12.49648231843836
1	493	9	11.960644481807906
1	494	9	12.091742524749673
1	495	9	13.710249896944028
1	496	9	14.204597198444723
1	497	9	14.506250707936236
1	498	9	15.630561379483362
1	499	9	14.7873472009297
1	500	9	14.568900662977908
1	501	9	13.461833789152589
1	502	9	13.787206933064928
1	503	9	16.908183719858425
1	504	9	17.457349732020585
1	505	9	20.50084237970605
1	506	9	20.500992980559516
1	507	9	21.277867483161597
1	508	9	21.3817067716261
1	509	9	21.509265694511427
1	510	9	21.777485814533588
1	511	9	22.019501386052738
1	512	9	21.19503701375554
1	513	9	21.4809527340599
1	514	9	21.52884380546195
1	515	9	22.66271763120414
1	516	9	22.017995377518083
1	517	9	22.654208682983338
1	518	9	23.304729069527813
1	519	9	22.521454030653445
1	520	9	21.901505617362474
1	521	9	20.9247837822116
1	522	9	21.160549418311927
1	523	9	19.173672358540816
1	524	9	19.070736675197107
1	525	9	17.197262058085567
1	526	9	15.927395661663976
1	527	9	13.15106892802641
1	528	9	12.308306552033146
1	529	9	11.340771368943667
1	530	9	10.958998205408475
1	531	9	10.129488704520181
1	532	9	10.416533931225535
1	533	9	10.456518457820643
1	534	9	10.170828638796477
1	535	9	9.746134232023604
1	536	9	8.888085869403584
1	537	9	8.974756660573012
1	538	9	9.310445962947744
1	539	9	9.46262812537469
1	540	9	9.62708425735908
1	541	9	9.426258019262757
1	542	9	9.825199680093021
1	543	9	9.652686402448225
1	544	9	9.720230885227526
1	545	9	10.060814715339886
1	546	9	9.964580769975395
1	547	9	9.945529762012002
1	548	9	9.565112006158001
1	549	9	10.033330059582424
1	550	9	9.923014934418902
1	551	9	10.16548230849845
1	552	9	10.006221905958622
1	553	9	9.999896670113069
1	554	9	9.789883779955346
1	555	9	10.23942732755004
1	556	9	10.636034675151587
1	557	9	11.002973654620419
1	558	9	10.82955677185483
1	559	9	10.986934663726338
1	560	9	11.984213515375265
1	561	9	12.406874810626354
1	562	9	12.706344607742617
1	563	9	13.091882792614445
1	564	9	13.051973566446073
1	565	9	14.116194497460441
1	566	9	14.74457655854548
1	567	9	16.373400089202228
1	568	9	17.212548044712317
1	569	9	19.448368315261995
1	570	9	20.931033717630417
1	571	9	22.328534337364065
1	572	9	22.3419378133225
1	573	9	23.87964782763258
1	574	9	25.102150255639252
1	575	9	27.242941387652163
1	576	9	28.29940637471305
1	577	9	28.82251843922567
1	578	9	29.160165552695453
1	579	9	30.304807339460428
1	580	9	31.609763734739488
1	581	9	31.132509630107133
1	582	9	31.988750782485564
1	583	9	31.6993712425515
1	584	9	31.948465054183533
1	585	9	35.37049294705468
1	586	9	37.44117938177937
1	587	9	38.98845255028452
1	588	9	39.09055992893416
1	589	9	39.31917202449488
1	590	9	39.358478847249394
1	591	9	39.86284110550555
1	592	9	38.435672117639186
1	593	9	39.227682006014554
1	594	9	39.51156461479713
1	595	9	37.934773679012736
1	596	9	37.310608441824726
1	597	9	38.65502226071177
1	598	9	38.743123759989125
1	599	9	37.50300103212698
1	600	9	35.59308100847677
1	601	9	33.837602160055496
1	602	9	32.12587285956596
1	603	9	31.321890203340075
1	604	9	32.44913759152978
1	605	9	31.099452742771447
1	606	9	30.72671563044419
1	607	9	29.10323843008547
1	608	9	28.995408219004133
1	609	9	27.9034767309521
1	610	9	28.450383730312275
1	611	9	26.41162467652228
1	612	9	25.616753371931065
1	613	9	23.530253847592487
1	614	9	22.894266443407435
1	615	9	23.95140913430892
1	616	9	23.475133935224093
1	617	9	22.41106360506319
1	618	9	22.658576107733836
1	619	9	21.72311890643252
1	620	9	21.140670105654475
1	621	9	19.29016211869643
1	622	9	19.10763388429617
1	623	9	17.52662612461474
1	624	9	16.812778079187996
1	625	9	16.099155935041445
1	626	9	15.839369462813357
1	627	9	15.620621723154635
1	628	9	15.349991989477026
1	629	9	15.290278751077931
1	630	9	14.535166071801623
1	631	9	14.246163034001217
1	632	9	14.017626238867232
1	633	9	13.73630384459357
1	634	9	8.49938506660898
1	635	9	13.13721364950758
1	636	9	12.995046443836092
1	637	9	13.08713886573028
1	638	9	13.226821157319586
1	639	9	13.580883763817113
1	640	9	14.139161127613939
1	641	9	14.021918363191002
1	642	9	13.991346389937492
1	643	9	13.503324324282351
1	644	9	13.494740075634812
1	645	9	13.421020957863423
1	646	9	13.147153305836305
1	647	9	13.488565440642725
1	648	9	13.653247473907314
1	649	9	13.29820596186226
1	650	9	13.655054684148901
1	651	9	14.177263143540724
1	652	9	14.31318041379339
1	653	9	14.318150241957754
1	654	9	14.63042111161859
1	655	9	14.689456646177087
1	656	9	14.837873787267396
1	657	9	14.270334470982439
1	658	9	14.746233167933603
1	659	9	14.508359119884753
1	660	9	14.891713592381333
1	661	9	14.785314089407915
1	662	9	14.99946850303594
1	663	9	15.622805435529886
1	664	9	16.639135295142204
1	665	9	16.681680036246224
1	666	9	17.169174998914237
1	667	9	18.540395769718145
1	668	9	18.48685716631114
1	669	9	19.598893868300824
1	670	9	20.65799437029736
1	671	9	21.49985314116983
1	672	9	21.19639242143673
1	1	10	0.0
1	2	10	0.0
1	3	10	0.0
1	4	10	0.0
1	5	10	0.0
1	6	10	0.0
1	7	10	0.0
1	8	10	0.0
1	9	10	0.0
1	10	10	0.0
1	11	10	0.0
1	12	10	0.0
1	13	10	0.0
1	14	10	0.0
1	15	10	0.0
1	16	10	0.0
1	17	10	0.0
1	18	10	0.0
1	19	10	0.0
1	20	10	0.0
1	21	10	0.0
1	22	10	0.0
1	23	10	0.0
1	24	10	0.0
1	25	10	0.0
1	26	10	0.0
1	27	10	0.0
1	28	10	0.0
1	29	10	0.0
1	30	10	0.0
1	31	10	0.0
1	32	10	0.0
1	33	10	0.0
1	34	10	0.0
1	35	10	0.0
1	36	10	0.0
1	37	10	0.0
1	38	10	0.0
1	39	10	0.0
1	40	10	0.0
1	41	10	0.0
1	42	10	0.0
1	43	10	0.0
1	44	10	0.0
1	45	10	0.0
1	46	10	0.0
1	47	10	0.0
1	48	10	0.0
1	49	10	0.0
1	50	10	0.0
1	51	10	0.0
1	52	10	0.0
1	53	10	0.0
1	54	10	0.0
1	55	10	0.0
1	56	10	0.0
1	57	10	0.0
1	58	10	0.0
1	59	10	0.0
1	60	10	0.0
1	61	10	0.0
1	62	10	0.0
1	63	10	0.0
1	64	10	0.0
1	65	10	0.0
1	66	10	0.0
1	67	10	0.0
1	68	10	0.0
1	69	10	0.0
1	70	10	0.0
1	71	10	0.0
1	72	10	0.0
1	73	10	0.0
1	74	10	0.0
1	75	10	0.0
1	76	10	0.0
1	77	10	0.0
1	78	10	0.0
1	79	10	0.0
1	80	10	0.0
1	81	10	0.0
1	82	10	0.0
1	83	10	0.0
1	84	10	0.0
1	85	10	0.0
1	86	10	0.0
1	87	10	0.0
1	88	10	0.0
1	89	10	0.0
1	90	10	0.0
1	91	10	0.0
1	92	10	0.0
1	93	10	0.0
1	94	10	0.0
1	95	10	0.0
1	96	10	0.0
1	97	10	0.0
1	98	10	0.0
1	99	10	0.0
1	100	10	0.0
1	101	10	0.0
1	102	10	0.0
1	103	10	0.0
1	104	10	0.0
1	105	10	0.0
1	106	10	0.0
1	107	10	0.0
1	108	10	0.0
1	109	10	0.0
1	110	10	0.0
1	111	10	0.0
1	112	10	0.0
1	113	10	0.0
1	114	10	0.0
1	115	10	0.0
1	116	10	0.0
1	117	10	0.0
1	118	10	0.0
1	119	10	0.0
1	120	10	0.0
1	121	10	0.0
1	122	10	0.0
1	123	10	0.0
1	124	10	0.0
1	125	10	0.0
1	126	10	0.0
1	127	10	0.0
1	128	10	0.0
1	129	10	0.0
1	130	10	0.0
1	131	10	0.0
1	132	10	0.0
1	133	10	0.0
1	134	10	0.0
1	135	10	0.0
1	136	10	0.0
1	137	10	0.0
1	138	10	0.0
1	139	10	0.0
1	140	10	0.0
1	141	10	0.0
1	142	10	0.0
1	143	10	0.0
1	144	10	0.0
1	145	10	0.0
1	146	10	0.0
1	147	10	0.0
1	148	10	0.0
1	149	10	0.0
1	150	10	0.0
1	151	10	0.0
1	152	10	0.0
1	153	10	0.0
1	154	10	0.0
1	155	10	0.0
1	156	10	0.0
1	157	10	0.0
1	158	10	0.0
1	159	10	0.0
1	160	10	0.0
1	161	10	0.0
1	162	10	0.0
1	163	10	0.0
1	164	10	0.0
1	165	10	0.0
1	166	10	0.0
1	167	10	0.0
1	168	10	0.0
1	169	10	0.0
1	170	10	0.0
1	171	10	0.0
1	172	10	0.0
1	173	10	0.0
1	174	10	0.0
1	175	10	0.0
1	176	10	0.0
1	177	10	0.0
1	178	10	0.0
1	179	10	0.0
1	180	10	0.0
1	181	10	0.0
1	182	10	0.0
1	183	10	0.0
1	184	10	0.0
1	185	10	0.0
1	186	10	0.0
1	187	10	0.0
1	188	10	0.0
1	189	10	0.0
1	190	10	0.0
1	191	10	0.0
1	192	10	0.0
1	193	10	0.0
1	194	10	0.0
1	195	10	0.0
1	196	10	0.0
1	197	10	0.0
1	198	10	0.0
1	199	10	0.0
1	200	10	0.0
1	201	10	0.0
1	202	10	0.0
1	203	10	0.0
1	204	10	0.0
1	205	10	0.0
1	206	10	0.0
1	207	10	0.0
1	208	10	0.0
1	209	10	0.0
1	210	10	0.0
1	211	10	0.0
1	212	10	0.0
1	213	10	0.0
1	214	10	0.0
1	215	10	0.0
1	216	10	0.0
1	217	10	0.0
1	218	10	0.0
1	219	10	0.0
1	220	10	0.0
1	221	10	0.0
1	222	10	0.0
1	223	10	0.0
1	224	10	0.0
1	225	10	0.0
1	226	10	0.0
1	227	10	0.0
1	228	10	0.0
1	229	10	0.0
1	230	10	0.0
1	231	10	0.0
1	232	10	0.0
1	233	10	0.0
1	234	10	0.0
1	235	10	0.0
1	236	10	0.0
1	237	10	0.0
1	238	10	0.0
1	239	10	0.0
1	240	10	0.0
1	241	10	0.0
1	242	10	0.0
1	243	10	0.0
1	244	10	0.0
1	245	10	0.0
1	246	10	0.0
1	247	10	0.0
1	248	10	0.0
1	249	10	0.0
1	250	10	0.0
1	251	10	0.0
1	252	10	0.0
1	253	10	0.0
1	254	10	0.0
1	255	10	0.0
1	256	10	0.0
1	257	10	0.0
1	258	10	0.0
1	259	10	0.0
1	260	10	0.0
1	261	10	0.0
1	262	10	0.0
1	263	10	0.0
1	264	10	0.0
1	265	10	0.0
1	266	10	0.0
1	267	10	0.0
1	268	10	0.0
1	269	10	0.0
1	270	10	0.0
1	271	10	0.0
1	272	10	0.0
1	273	10	0.0
1	274	10	0.0
1	275	10	0.0
1	276	10	0.0
1	277	10	0.0
1	278	10	0.0
1	279	10	0.0
1	280	10	0.0
1	281	10	0.0
1	282	10	0.0
1	283	10	0.0
1	284	10	0.0
1	285	10	0.0
1	286	10	0.0
1	287	10	0.0
1	288	10	0.0
1	289	10	0.0
1	290	10	0.0
1	291	10	0.0
1	292	10	0.0
1	293	10	0.0
1	294	10	0.0
1	295	10	0.0
1	296	10	0.0
1	297	10	0.0
1	298	10	0.0
1	299	10	0.0
1	300	10	0.0
1	301	10	0.0
1	302	10	0.0
1	303	10	0.0
1	304	10	0.0
1	305	10	0.0
1	306	10	0.0
1	307	10	0.0
1	308	10	0.0
1	309	10	0.0
1	310	10	0.0
1	311	10	0.0
1	312	10	0.0
1	313	10	0.0
1	314	10	0.0
1	315	10	0.0
1	316	10	0.0
1	317	10	0.0
1	318	10	0.0
1	319	10	0.0
1	320	10	0.0
1	321	10	0.0
1	322	10	0.0
1	323	10	0.0
1	324	10	0.0
1	325	10	0.0
1	326	10	0.0
1	327	10	0.0
1	328	10	0.0
1	329	10	0.0
1	330	10	0.0
1	331	10	0.0
1	332	10	0.0
1	333	10	0.0
1	334	10	0.0
1	335	10	0.0
1	336	10	0.0
1	337	10	0.0
1	338	10	0.0
1	339	10	0.0
1	340	10	0.0
1	341	10	0.0
1	342	10	0.0
1	343	10	0.0
1	344	10	0.0
1	345	10	0.0
1	346	10	0.0
1	347	10	0.0
1	348	10	0.0
1	349	10	0.0
1	350	10	0.0
1	351	10	0.0
1	352	10	0.0
1	353	10	0.0
1	354	10	0.0
1	355	10	0.0
1	356	10	0.0
1	357	10	0.0
1	358	10	0.0
1	359	10	0.0
1	360	10	0.0
1	361	10	0.0
1	362	10	0.0
1	363	10	0.0
1	364	10	0.0
1	365	10	0.0
1	366	10	0.0
1	367	10	0.0
1	368	10	0.0
1	369	10	0.0
1	370	10	0.0
1	371	10	0.0
1	372	10	0.0
1	373	10	0.0
1	374	10	0.0
1	375	10	0.0
1	376	10	0.0
1	377	10	0.0
1	378	10	0.0
1	379	10	0.0
1	380	10	0.0
1	381	10	0.0
1	382	10	0.0
1	383	10	0.0
1	384	10	0.0
1	385	10	0.0
1	386	10	0.0
1	387	10	0.0
1	388	10	0.0
1	389	10	0.0
1	390	10	0.0
1	391	10	0.0
1	392	10	0.0
1	393	10	0.0
1	394	10	0.0
1	395	10	0.0
1	396	10	0.0
1	397	10	0.0
1	398	10	0.0
1	399	10	0.0
1	400	10	0.0
1	401	10	0.0
1	402	10	0.0
1	403	10	0.0
1	404	10	0.0
1	405	10	0.0
1	406	10	0.0
1	407	10	0.0
1	408	10	0.0
1	409	10	0.0
1	410	10	0.0
1	411	10	0.0
1	412	10	0.0
1	413	10	0.0
1	414	10	0.0
1	415	10	0.0
1	416	10	0.0
1	417	10	0.0
1	418	10	0.0
1	419	10	0.0
1	420	10	0.0
1	421	10	0.0
1	422	10	0.0
1	423	10	0.0
1	424	10	0.0
1	425	10	0.0
1	426	10	0.0
1	427	10	0.0
1	428	10	0.0
1	429	10	0.0
1	430	10	0.0
1	431	10	0.0
1	432	10	0.0
1	433	10	0.0
1	434	10	0.0
1	435	10	0.0
1	436	10	0.0
1	437	10	0.0
1	438	10	0.0
1	439	10	0.0
1	440	10	0.0
1	441	10	0.0
1	442	10	0.0
1	443	10	0.0
1	444	10	0.0
1	445	10	0.0
1	446	10	0.0
1	447	10	0.0
1	448	10	0.0
1	449	10	0.0
1	450	10	0.0
1	451	10	0.0
1	452	10	0.0
1	453	10	0.0
1	454	10	0.0
1	455	10	0.0
1	456	10	0.0
1	457	10	0.0
1	458	10	0.0
1	459	10	0.0
1	460	10	0.0
1	461	10	0.0
1	462	10	0.0
1	463	10	0.0
1	464	10	0.0
1	465	10	0.0
1	466	10	0.0
1	467	10	0.0
1	468	10	0.0
1	469	10	0.0
1	470	10	0.0
1	471	10	0.0
1	472	10	0.0
1	473	10	0.0
1	474	10	0.0
1	475	10	0.0
1	476	10	0.0
1	477	10	0.0
1	478	10	0.0
1	479	10	0.0
1	480	10	0.0
1	481	10	0.0
1	482	10	0.0
1	483	10	0.0
1	484	10	0.0
1	485	10	0.0
1	486	10	0.0
1	487	10	0.0
1	488	10	0.0
1	489	10	0.0
1	490	10	0.0
1	491	10	0.0
1	492	10	0.0
1	493	10	0.0
1	494	10	0.0
1	495	10	0.0
1	496	10	0.0
1	497	10	0.0
1	498	10	0.0
1	499	10	0.0
1	500	10	0.0
1	501	10	0.0
1	502	10	0.0
1	503	10	0.0
1	504	10	0.0
1	505	10	0.0
1	506	10	0.0
1	507	10	0.0
1	508	10	0.0
1	509	10	0.0
1	510	10	0.0
1	511	10	0.0
1	512	10	0.0
1	513	10	0.0
1	514	10	0.0
1	515	10	0.0
1	516	10	0.0
1	517	10	0.0
1	518	10	0.0
1	519	10	0.0
1	520	10	0.0
1	521	10	0.0
1	522	10	0.0
1	523	10	0.0
1	524	10	0.0
1	525	10	0.0
1	526	10	0.0
1	527	10	0.0
1	528	10	0.0
1	529	10	0.0
1	530	10	0.0
1	531	10	0.0
1	532	10	0.0
1	533	10	0.0
1	534	10	0.0
1	535	10	0.0
1	536	10	0.0
1	537	10	0.0
1	538	10	0.0
1	539	10	0.0
1	540	10	0.0
1	541	10	0.0
1	542	10	0.0
1	543	10	0.0
1	544	10	0.0
1	545	10	0.0
1	546	10	0.0
1	547	10	0.0
1	548	10	0.0
1	549	10	0.0
1	550	10	0.0
1	551	10	0.0
1	552	10	0.0
1	553	10	0.0
1	554	10	0.0
1	555	10	0.0
1	556	10	0.0
1	557	10	0.0
1	558	10	0.0
1	559	10	0.0
1	560	10	0.0
1	561	10	0.0
1	562	10	0.0
1	563	10	0.0
1	564	10	0.0
1	565	10	0.0
1	566	10	0.0
1	567	10	0.0
1	568	10	0.0
1	569	10	0.0
1	570	10	0.0
1	571	10	0.0
1	572	10	0.0
1	573	10	0.0
1	574	10	0.0
1	575	10	0.0
1	576	10	0.0
1	577	10	0.0
1	578	10	0.0
1	579	10	0.0
1	580	10	0.0
1	581	10	0.0
1	582	10	0.0
1	583	10	0.0
1	584	10	0.0
1	585	10	0.0
1	586	10	0.0
1	587	10	0.0
1	588	10	0.0
1	589	10	0.0
1	590	10	0.0
1	591	10	0.0
1	592	10	0.0
1	593	10	0.0
1	594	10	0.0
1	595	10	0.0
1	596	10	0.0
1	597	10	0.0
1	598	10	0.0
1	599	10	0.0
1	600	10	0.0
1	601	10	0.0
1	602	10	0.0
1	603	10	0.0
1	604	10	0.0
1	605	10	0.0
1	606	10	0.0
1	607	10	0.0
1	608	10	0.0
1	609	10	0.0
1	610	10	0.0
1	611	10	0.0
1	612	10	0.0
1	613	10	0.0
1	614	10	0.0
1	615	10	0.0
1	616	10	0.0
1	617	10	0.0
1	618	10	0.0
1	619	10	0.0
1	620	10	0.0
1	621	10	0.0
1	622	10	0.0
1	623	10	0.0
1	624	10	0.0
1	625	10	0.0
1	626	10	0.0
1	627	10	0.0
1	628	10	0.0
1	629	10	0.0
1	630	10	0.0
1	631	10	0.0
1	632	10	0.0
1	633	10	0.0
1	634	10	0.0
1	635	10	0.0
1	636	10	0.0
1	637	10	0.0
1	638	10	0.0
1	639	10	0.0
1	640	10	0.0
1	641	10	0.0
1	642	10	0.0
1	643	10	0.0
1	644	10	0.0
1	645	10	0.0
1	646	10	0.0
1	647	10	0.0
1	648	10	0.0
1	649	10	0.0
1	650	10	0.0
1	651	10	0.0
1	652	10	0.0
1	653	10	0.0
1	654	10	0.0
1	655	10	0.0
1	656	10	0.0
1	657	10	0.0
1	658	10	0.0
1	659	10	0.0
1	660	10	0.0
1	661	10	0.0
1	662	10	0.0
1	663	10	0.0
1	664	10	0.0
1	665	10	0.0
1	666	10	0.0
1	667	10	0.0
1	668	10	0.0
1	669	10	0.0
1	670	10	0.0
1	671	10	0.0
1	672	10	0.0
